stn;time;tre200nx;tre200jx;rre150n0;rre150j0;sremaxdv
WAE;20160101;4.9;6.0;0.0;0.0;8
WAE;20160102;5.0;5.8;3.9;6.6;0
WAE;20160103;3.7;5.8;6.7;0.3;11
WAE;20160104;3.1;4.4;1.3;9.6;2
WAE;20160105;5.3;7.0;0.1;0.0;51
WAE;20160106;4.6;6.2;4.4;0.0;34
WAE;20160107;7.2;3.5;0.6;7.9;0
WAE;20160108;5.9;5.4;16.0;6.3;0
WAE;20160109;5.8;7.4;0.0;5.3;0
WAE;20160110;6.6;6.7;8.9;10.7;0
WAE;20160111;7.2;8.9;3.6;4.0;8
WAE;20160112;5.0;7.0;2.4;1.5;3
WAE;20160113;1.3;3.8;0.0;4.6;0
WAE;20160114;3.1;0.9;3.0;0.7;0
WAE;20160115;1.3;2.8;0.8;0.0;0
WAE;20160116;0.2;0.6;0.4;0.8;5
WAE;20160117;-3.8;0.1;0.0;1.8;2
WAE;20160118;-3.7;-4.8;0.0;0.0;74
WAE;20160119;0.9;-0.8;4.0;0.2;0
WAE;20160120;1.4;1.4;0.0;0.9;0
WAE;20160121;0.3;1.1;0.0;0.0;53
WAE;20160122;1.9;1.1;0.6;0.0;62
WAE;20160123;2.5;6.3;0.0;0.3;23
WAE;20160124;3.9;4.7;0.0;0.0;2
WAE;20160125;6.9;8.8;0.0;0.0;99
WAE;20160126;6.6;10.2;0.0;0.0;71
WAE;20160127;8.4;9.9;0.0;0.0;24
WAE;20160128;8.8;10.9;2.8;0.0;7
WAE;20160129;6.6;10.0;0.0;0.1;36
WAE;20160130;10.6;10.8;13.6;0.0;62
WAE;20160131;12.9;6.8;2.9;12.9;0
WAE;20160201;9.6;14.7;0.0;0.0;16
WAE;20160202;9.7;12.0;0.3;0.0;84
WAE;20160203;2.7;7.3;3.3;22.5;0
WAE;20160204;5.4;4.6;6.3;0.8;0
WAE;20160205;6.0;7.8;0.0;0.0;39
WAE;20160206;7.0;11.1;0.0;0.0;95
WAE;20160207;4.4;8.8;0.1;2.3;3
WAE;20160208;11.1;10.8;0.2;0.0;32
WAE;20160209;10.1;13.7;4.2;1.8;0
WAE;20160210;3.1;4.3;0.0;1.1;6
WAE;20160211;2.7;5.3;1.6;0.0;83
WAE;20160212;3.1;5.0;4.1;0.2;49
WAE;20160213;8.8;7.0;0.2;2.5;30
WAE;20160214;3.4;7.6;0.0;5.4;18
WAE;20160215;1.9;4.8;3.0;3.0;0
WAE;20160216;2.8;2.5;0.0;0.0;0
WAE;20160217;2.7;2.9;0.0;0.0;0
WAE;20160218;4.5;6.8;1.1;0.0;41
WAE;20160219;2.1;2.6;0.0;0.8;0
WAE;20160220;6.0;2.6;5.7;5.4;0
WAE;20160221;12.1;16.1;0.0;0.0;42
WAE;20160222;11.7;17.0;3.1;0.0;64
WAE;20160223;1.8;10.3;4.2;7.5;3
WAE;20160224;2.2;4.9;7.8;0.8;50
WAE;20160225;1.7;1.7;0.0;11.1;0
WAE;20160226;2.6;4.6;0.0;0.0;10
WAE;20160227;2.7;5.2;0.0;0.0;37
WAE;20160228;4.4;5.4;0.1;0.0;1
WAE;20160229;1.1;3.3;5.4;4.3;0
WAE;20160301;3.8;4.9;3.3;0.7;21
WAE;20160302;3.4;7.9;1.8;9.3;11
WAE;20160303;2.5;3.8;0.7;2.2;4
WAE;20160304;3.9;5.1;0.0;0.0;18
WAE;20160305;2.4;3.7;3.5;13.0;0
WAE;20160306;1.3;5.3;0.2;0.4;25
WAE;20160307;2.9;5.5;2.9;0.0;63
WAE;20160308;1.0;2.4;0.0;4.1;12
WAE;20160309;2.1;5.6;0.0;0.0;82
WAE;20160310;4.9;8.7;0.0;0.0;98
WAE;20160311;6.0;7.9;0.0;0.0;36
WAE;20160312;5.1;6.0;0.0;0.0;0
WAE;20160313;5.5;6.5;0.0;0.0;0
WAE;20160314;5.0;5.3;0.0;0.0;0
WAE;20160315;1.9;6.6;0.4;3.0;27
WAE;20160316;4.7;6.3;0.0;0.0;19
WAE;20160317;7.7;11.4;0.0;0.0;97
WAE;20160318;10.0;13.7;0.0;0.0;99
WAE;20160319;10.0;14.4;0.0;0.0;98
WAE;20160320;8.3;10.3;0.0;0.0;56
WAE;20160321;5.0;7.0;0.0;0.0;0
WAE;20160322;7.5;10.9;0.0;0.0;49
WAE;20160323;5.2;7.8;0.0;0.4;7
WAE;20160324;8.1;10.1;0.0;0.0;34
WAE;20160325;6.9;7.8;3.8;6.3;0
WAE;20160326;11.7;14.9;0.0;0.0;83
WAE;20160327;7.8;12.0;0.5;0.3;9
WAE;20160328;13.2;13.9;0.8;0.0;58
WAE;20160329;10.4;14.2;0.3;1.7;33
WAE;20160330;14.9;16.7;0.0;0.0;19
WAE;20160331;18.9;22.4;0.0;0.0;72
WAE;20160401;11.2;13.5;0.0;0.0;6
WAE;20160402;13.5;15.5;0.0;0.0;29
WAE;20160403;18.5;21.0;0.0;0.0;45
WAE;20160404;16.9;20.0;0.0;0.0;88
WAE;20160405;13.2;18.0;9.7;0.0;52
WAE;20160406;13.2;14.2;0.0;1.1;23
WAE;20160407;6.2;11.4;1.7;0.0;0
WAE;20160408;5.7;7.7;0.8;2.7;0
WAE;20160409;7.7;8.7;0.0;0.0;0
WAE;20160410;13.2;16.5;0.0;0.0;89
WAE;20160411;15.9;19.6;1.1;0.0;85
WAE;20160412;16.2;19.4;0.0;0.0;77
WAE;20160413;9.2;13.1;1.8;4.2;20
WAE;20160414;12.1;13.7;0.0;1.4;45
WAE;20160415;11.3;13.5;0.1;1.9;7
WAE;20160416;13.3;15.3;10.1;6.2;15
WAE;20160417;7.9;11.7;8.3;11.0;0
WAE;20160418;4.5;6.0;5.8;11.9;0
WAE;20160419;12.1;13.9;0.0;0.0;58
WAE;20160420;14.9;17.9;0.0;0.0;100
WAE;20160421;17.9;20.2;0.0;0.0;93
WAE;20160422;16.2;19.9;11.6;0.0;68
WAE;20160423;7.6;13.5;14.1;14.1;0
WAE;20160424;3.9;6.6;2.1;2.5;24
WAE;20160425;7.3;7.8;0.1;0.1;24
WAE;20160426;8.6;10.8;8.7;0.9;4
WAE;20160427;4.4;8.6;0.0;1.4;28
WAE;20160428;9.3;11.5;0.0;0.0;61
WAE;20160429;14.1;15.0;0.0;0.0;98
WAE;20160430;9.0;17.5;3.2;0.0;57
WAE;20160501;5.8;6.4;7.0;5.4;0
WAE;20160502;10.5;13.6;0.0;0.1;9
WAE;20160503;8.8;14.1;1.9;14.0;14
WAE;20160504;13.1;15.1;0.0;0.0;81
WAE;20160505;18.1;19.9;0.0;0.0;100
WAE;20160506;20.4;22.2;0.0;0.0;99
WAE;20160507;20.0;23.6;0.0;0.0;88
WAE;20160508;20.1;23.3;0.0;0.0;91
WAE;20160509;19.6;22.4;0.0;0.0;34
WAE;20160510;19.9;22.8;0.0;0.0;52
WAE;20160511;18.9;20.4;1.7;0.0;25
WAE;20160512;10.7;11.8;14.9;28.3;0
WAE;20160513;11.8;11.7;15.6;20.3;0
WAE;20160514;9.5;14.8;2.6;9.9;12
WAE;20160515;10.0;12.1;0.0;0.0;10
WAE;20160516;10.1;11.9;1.0;0.3;5
WAE;20160517;14.6;15.4;0.0;0.0;15
WAE;20160518;17.7;19.7;19.4;0.0;68
WAE;20160519;10.6;12.1;0.0;2.5;1
WAE;20160520;16.9;18.4;0.0;0.0;76
WAE;20160521;23.1;23.7;0.0;0.0;86
WAE;20160522;18.6;27.0;9.1;0.0;80
WAE;20160523;8.9;9.8;8.4;8.6;0
WAE;20160524;13.4;14.4;0.0;0.0;30
WAE;20160525;18.4;20.6;0.0;0.0;64
WAE;20160526;23.1;24.8;0.0;0.0;82
WAE;20160527;19.6;26.2;7.8;1.5;64
WAE;20160528;20.8;21.9;0.4;1.9;28
WAE;20160529;14.5;16.3;3.0;11.1;0
WAE;20160530;17.6;20.8;0.0;0.0;33
WAE;20160531;14.6;19.1;3.8;0.0;15
WAE;20160601;16.6;19.1;7.4;0.0;17
WAE;20160602;16.9;17.7;0.5;0.8;4
WAE;20160603;15.8;19.0;7.9;2.8;13
WAE;20160604;16.3;18.8;0.0;0.9;7
WAE;20160605;18.3;19.3;0.0;0.0;24
WAE;20160606;23.7;24.3;0.0;0.0;80
WAE;20160607;21.4;25.1;0.0;0.0;50
WAE;20160608;15.6;16.2;5.6;36.2;0
WAE;20160609;16.5;20.1;0.0;0.2;31
WAE;20160610;21.7;23.8;2.0;0.0;89
WAE;20160611;16.6;19.6;0.0;5.9;17
WAE;20160612;16.4;19.9;1.9;0.3;20
WAE;20160613;15.6;18.5;16.6;8.7;10
WAE;20160614;14.9;18.1;0.1;2.5;6
WAE;20160615;14.9;18.8;2.4;3.7;19
WAE;20160616;13.9;15.2;27.5;4.6;0
WAE;20160617;17.6;19.2;8.2;0.6;44
WAE;20160618;16.1;19.8;2.5;0.0;41
WAE;20160619;14.3;15.6;2.6;4.5;5
WAE;20160620;20.0;21.8;4.5;0.0;63
WAE;20160621;17.8;18.8;0.0;0.5;9
WAE;20160622;28.1;29.4;0.0;0.0;92
WAE;20160623;29.9;31.9;0.0;0.0;100
WAE;20160624;29.5;31.6;21.8;0.0;71
WAE;20160625;18.2;23.5;3.8;4.6;8
WAE;20160626;18.0;20.3;0.0;0.0;10
WAE;20160627;21.3;22.2;0.0;0.0;70
WAE;20160628;24.4;24.8;1.4;0.0;84
WAE;20160629;25.3;26.1;5.9;0.0;69
WAE;20160630;20.5;22.9;7.6;0.0;24
WAE;20160701;25.1;26.1;0.1;0.0;77
WAE;20160702;13.9;19.2;1.0;9.8;0
WAE;20160703;20.5;22.1;0.0;0.0;46
WAE;20160704;24.0;25.2;0.0;0.0;96
WAE;20160705;23.1;25.0;0.0;0.0;66
WAE;20160706;22.4;23.6;0.0;0.0;43
WAE;20160707;25.0;26.5;0.0;0.0;93
WAE;20160708;25.9;29.0;0.0;0.0;48
WAE;20160709;26.9;27.9;0.0;0.0;72
WAE;20160710;30.6;30.9;0.0;0.0;98
WAE;20160711;22.4;28.5;39.4;0.1;41
WAE;20160712;16.9;18.7;14.1;15.9;0
WAE;20160713;12.6;16.1;1.3;12.8;0
WAE;20160714;13.2;14.1;0.0;5.4;2
WAE;20160715;14.0;17.7;0.0;0.0;13
WAE;20160716;20.3;21.0;0.0;0.0;95
WAE;20160717;25.5;26.3;0.0;0.0;100
WAE;20160718;28.0;29.0;0.0;0.0;99
WAE;20160719;28.4;30.1;0.0;0.0;100
WAE;20160720;29.7;31.7;5.0;0.0;96
WAE;20160721;24.4;26.8;0.0;1.4;27
WAE;20160722;21.4;22.9;0.0;1.9;15
WAE;20160723;23.2;23.9;2.0;0.0;31
WAE;20160724;25.3;26.5;42.2;0.0;59
WAE;20160725;22.7;25.6;23.5;0.0;29
WAE;20160726;25.3;27.2;0.0;0.0;70
WAE;20160727;21.7;23.6;0.0;2.1;25
WAE;20160728;22.7;25.7;0.0;0.0;70
WAE;20160729;25.7;27.1;0.0;0.0;77
WAE;20160730;24.2;29.5;0.0;0.0;72
WAE;20160731;18.0;23.4;0.8;11.7;16
WAE;20160801;21.0;23.0;0.0;0.0;54
WAE;20160802;20.7;23.9;0.0;0.0;11
WAE;20160803;26.1;28.1;0.0;0.0;92
WAE;20160804;22.4;28.0;43.5;0.0;69
WAE;20160805;16.0;17.7;6.6;3.7;0
WAE;20160806;19.8;22.4;0.0;0.0;50
WAE;20160807;23.0;24.9;0.0;0.0;100
WAE;20160808;24.8;26.9;0.9;0.0;96
WAE;20160809;13.4;18.1;1.8;7.0;0
WAE;20160810;14.1;16.5;0.6;5.3;9
WAE;20160811;17.5;19.1;0.1;0.0;76
WAE;20160812;19.4;20.8;0.0;0.0;41
WAE;20160813;24.0;26.0;0.0;0.0;100
WAE;20160814;25.0;28.1;0.0;0.0;98
WAE;20160815;25.3;27.9;0.0;0.0;83
WAE;20160816;24.2;28.3;2.3;0.8;88
WAE;20160817;22.8;24.3;1.1;2.9;39
WAE;20160818;17.3;22.8;0.7;32.3;28
WAE;20160819;22.0;23.9;0.0;0.0;43
WAE;20160820;18.2;21.4;4.2;0.6;12
WAE;20160821;16.8;19.8;0.0;0.6;26
WAE;20160822;20.1;21.7;0.0;0.0;99
WAE;20160823;23.2;26.0;0.0;0.0;100
WAE;20160824;23.7;27.6;0.0;0.0;100
WAE;20160825;26.7;29.5;0.0;0.0;100
WAE;20160826;26.6;31.3;0.0;0.0;100
WAE;20160827;26.3;30.8;0.7;0.0;94
WAE;20160828;26.3;30.5;0.7;0.0;86
WAE;20160829;19.6;20.5;0.0;1.8;0
WAE;20160830;21.1;23.9;0.0;0.0;52
WAE;20160831;23.5;26.8;0.0;0.0;82
WAE;20160901;23.3;25.5;0.0;0.0;25
WAE;20160902;22.5;25.8;0.0;0.0;91
WAE;20160903;22.4;26.2;0.0;0.0;56
WAE;20160904;16.9;23.9;24.6;6.4;10
WAE;20160905;15.5;17.0;0.0;16.7;2
WAE;20160906;18.8;22.1;0.0;0.0;88
WAE;20160907;19.7;23.3;0.0;0.0;100
WAE;20160908;21.8;26.5;0.0;0.0;99
WAE;20160909;21.8;26.5;0.0;0.0;99
WAE;20160910;22.3;26.0;0.0;0.0;94
WAE;20160911;22.1;26.5;0.0;0.0;93
WAE;20160912;23.1;27.5;0.0;0.0;97
WAE;20160913;22.4;27.0;0.0;0.0;98
WAE;20160914;22.0;27.1;0.0;0.0;95
WAE;20160915;18.0;20.8;0.0;0.0;6
WAE;20160916;15.2;18.4;0.0;0.2;4
WAE;20160917;13.7;17.2;0.9;1.4;12
WAE;20160918;14.1;16.1;4.9;2.7;0
WAE;20160919;13.7;16.3;0.3;7.3;5
WAE;20160920;14.7;16.0;0.0;0.0;12
WAE;20160921;13.8;16.1;0.0;0.0;7
WAE;20160922;14.6;17.9;0.0;0.0;48
WAE;20160923;15.9;19.0;0.0;0.0;47
WAE;20160924;15.4;20.1;0.0;0.0;64
WAE;20160925;17.4;21.8;0.0;0.0;94
WAE;20160926;17.7;20.5;0.0;0.0;70
WAE;20160927;15.0;19.5;0.0;0.0;51
WAE;20160928;17.0;21.0;0.0;0.0;94
WAE;20160929;18.2;23.4;0.0;0.0;97
WAE;20160930;18.4;22.4;0.0;0.0;95
WAE;20161001;14.3;20.0;0.1;0.0;30
WAE;20161002;12.1;14.1;0.4;9.5;1
WAE;20161003;11.2;15.4;0.0;0.0;61
WAE;20161004;12.4;16.2;0.0;0.0;83
WAE;20161005;8.3;11.3;0.0;0.0;4
WAE;20161006;9.5;12.6;0.0;0.0;81
WAE;20161007;11.2;12.2;0.0;0.1;31
WAE;20161008;7.8;9.4;0.0;2.6;0
WAE;20161009;7.0;10.5;1.6;0.1;3
WAE;20161010;8.1;9.8;0.0;0.0;25
WAE;20161011;6.2;10.7;0.0;1.0;14
WAE;20161012;7.6;11.1;0.0;0.0;68
WAE;20161013;7.8;9.1;0.0;0.0;2
WAE;20161014;10.1;11.4;0.5;0.1;10
WAE;20161015;10.7;15.6;0.0;2.3;28
WAE;20161016;11.1;13.6;0.0;0.0;45
WAE;20161017;12.1;14.6;4.2;2.5;2
WAE;20161018;11.3;15.1;0.0;0.4;15
WAE;20161019;8.9;12.4;0.1;0.0;14
WAE;20161020;7.5;12.4;0.0;0.0;62
WAE;20161021;7.6;8.8;0.0;4.0;0
WAE;20161022;6.8;10.7;0.0;0.0;93
WAE;20161023;8.7;8.8;0.0;3.6;1
WAE;20161024;13.8;14.5;4.2;0.0;44
WAE;20161025;13.1;13.5;12.5;7.0;0
WAE;20161026;11.6;12.4;0.0;15.4;0
WAE;20161027;9.1;12.9;0.0;0.0;49
WAE;20161028;7.9;11.5;0.0;0.0;65
WAE;20161029;7.9;8.9;0.0;0.0;27
WAE;20161030;7.8;11.1;0.0;0.0;42
WAE;20161031;8.6;8.9;0.0;0.0;0
WAE;20161101;10.1;12.0;0.0;0.0;65
WAE;20161102;8.8;12.3;0.1;0.0;0
WAE;20161103;5.7;9.9;0.0;0.0;83
WAE;20161104;10.1;11.1;0.6;0.0;81
WAE;20161105;9.6;12.6;13.8;6.0;1
WAE;20161106;3.5;4.7;6.0;6.8;0
WAE;20161107;1.8;5.0;0.0;0.0;18
WAE;20161108;2.7;3.8;0.0;0.3;31
WAE;20161109;7.4;5.3;3.6;1.1;6
WAE;20161110;5.5;7.5;20.7;5.1;10
WAE;20161111;3.8;4.9;3.8;6.0;2
WAE;20161112;2.8;5.5;0.0;0.1;26
WAE;20161113;4.0;4.5;0.0;0.0;0
WAE;20161114;2.8;3.0;0.0;0.0;0
WAE;20161115;6.3;6.4;0.8;0.0;15
WAE;20161116;8.9;9.4;1.1;1.7;5
WAE;20161117;8.6;11.1;0.0;0.5;29
WAE;20161118;7.6;10.8;15.7;8.0;0
WAE;20161119;4.0;7.8;0.0;5.7;6
WAE;20161120;8.4;9.3;0.0;0.0;61
WAE;20161121;20.2;20.5;0.0;0.0;1
WAE;20161122;9.6;10.4;0.0;0.0;19
WAE;20161123;10.2;11.8;0.0;0.0;0
WAE;20161124;7.3;9.7;0.0;0.0;0
WAE;20161125;6.6;6.9;0.0;0.2;0
WAE;20161126;7.3;7.7;4.4;0.0;0
WAE;20161127;7.4;7.9;0.2;0.0;0
WAE;20161128;1.5;3.8;0.0;0.0;2
WAE;20161129;0.3;0.5;0.0;0.0;0
WAE;20161130;2.4;4.2;0.0;0.0;97
WAE;20161201;2.4;5.6;0.0;0.0;78
WAE;20161202;1.2;3.9;0.0;0.0;99
WAE;20161203;3.0;3.5;0.0;0.0;1
WAE;20161204;0.9;3.3;0.0;0.0;62
WAE;20161205;1.7;1.4;0.0;0.0;34
WAE;20161206;2.4;6.0;0.0;0.0;74
WAE;20161207;0.4;0.8;0.0;0.0;0
WAE;20161208;2.0;3.8;0.0;0.0;63
WAE;20161209;2.8;5.1;0.0;0.0;59
WAE;20161210;2.7;5.9;0.0;0.0;85
WAE;20161211;5.5;5.3;0.0;0.0;26
WAE;20161212;2.7;7.0;0.0;0.0;89
WAE;20161213;1.0;1.3;0.0;0.0;0
WAE;20161214;0.8;1.8;0.0;0.0;24
WAE;20161215;-0.3;0.5;0.0;0.0;0
WAE;20161216;-0.2;-0.3;0.0;0.0;0
WAE;20161217;0.1;0.4;0.0;0.0;0
WAE;20161218;1.6;2.1;1.6;0.0;43
WAE;20161219;1.3;3.7;0.0;0.0;26
WAE;20161220;1.0;1.2;0.0;0.0;0
WAE;20161221;0.2;0.7;0.0;0.0;0
WAE;20161222;1.0;1.3;0.0;0.0;5
WAE;20161223;4.3;4.7;0.0;0.0;3
WAE;20161224;8.2;7.8;0.2;0.0;8
WAE;20161225;7.8;8.7;0.0;0.0;5
WAE;20161226;6.6;8.4;0.0;0.0;74
WAE;20161227;2.3;5.5;0.0;0.0;10
WAE;20161228;0.7;3.2;0.0;0.0;66
WAE;20161229;-0.7;1.0;0.0;0.0;40
WAE;20161230;-1.4;-0.8;0.0;0.0;0
WAE;20161231;-2.3;-1.8;0.0;0.0;0
WAE;20170101;-2.5;-1.2;0.0;0.0;1
WAE;20170102;1.0;1.4;3.0;0.0;28
WAE;20170103;-0.6;-1.4;0.0;0.0;2
WAE;20170104;0.9;1.6;1.8;3.2;0
WAE;20170105;-2.8;-0.8;0.0;5.2;0
WAE;20170106;-7.4;-4.5;0.0;0.0;75
WAE;20170107;-2.3;-4.7;2.2;0.0;6
WAE;20170108;0.2;0.3;0.0;1.5;0
WAE;20170109;-0.9;0.4;0.0;0.0;6
WAE;20170110;1.4;-0.6;0.3;3.8;0
WAE;20170111;4.3;3.9;2.7;0.0;9
WAE;20170112;5.3;5.9;7.6;0.0;0
WAE;20170113;0.6;1.8;1.6;4.9;10
WAE;20170114;-1.0;0.8;1.8;2.6;0
WAE;20170115;-1.6;-0.2;0.7;0.2;7
WAE;20170116;-3.2;-1.8;0.0;0.3;3
WAE;20170117;-3.6;-3.3;0.0;0.0;0
WAE;20170118;-3.9;-3.7;0.0;0.0;30
WAE;20170119;-5.0;-4.5;0.0;0.0;0
WAE;20170120;-5.0;-4.8;0.0;0.0;0
WAE;20170121;-4.6;-4.8;0.0;0.0;0
WAE;20170122;-5.1;-4.8;0.0;0.0;0
WAE;20170123;-5.3;-5.1;0.0;0.0;0
WAE;20170124;-5.0;-4.8;0.0;0.0;0
WAE;20170125;-5.6;-5.3;0.0;0.0;0
WAE;20170126;-5.7;-5.6;0.0;0.0;0
WAE;20170127;-1.5;0.6;0.0;0.0;74
WAE;20170128;2.2;4.9;0.0;0.0;77
WAE;20170129;1.9;6.1;0.0;0.0;100
WAE;20170130;3.8;4.2;6.5;1.1;0
WAE;20170131;5.5;5.5;20.5;20.7;0
WAE;20170201;6.0;8.9;0.0;3.6;32
WAE;20170202;4.5;6.9;0.0;0.0;63
WAE;20170203;6.9;8.1;0.0;0.6;39
WAE;20170204;7.7;7.7;0.0;0.0;6
WAE;20170205;1.7;4.5;8.3;2.7;0
WAE;20170206;2.3;3.3;0.0;1.7;20
WAE;20170207;2.2;4.0;6.2;1.1;5
WAE;20170208;3.3;3.5;0.1;0.7;0
WAE;20170209;0.3;0.9;0.0;0.0;0
WAE;20170210;1.4;3.4;0.0;0.0;9
WAE;20170211;1.3;3.5;0.0;0.0;42
WAE;20170212;2.3;5.4;0.0;0.0;54
WAE;20170213;1.9;2.9;0.0;0.0;0
WAE;20170214;3.2;6.2;0.0;0.0;59
WAE;20170215;6.3;10.2;0.0;0.0;83
WAE;20170216;7.5;11.8;0.0;0.0;99
WAE;20170217;3.5;6.3;0.0;14.0;0
WAE;20170218;4.2;7.7;0.0;0.0;56
WAE;20170219;5.9;8.8;0.0;0.0;80
WAE;20170220;8.1;10.8;1.1;0.0;43
WAE;20170221;10.4;10.3;3.9;2.9;0
WAE;20170222;8.9;14.1;0.0;0.0;28
WAE;20170223;15.6;18.6;2.4;0.0;85
WAE;20170224;4.7;6.2;0.0;3.3;23
WAE;20170225;4.6;7.2;0.0;0.0;94
WAE;20170226;7.2;11.1;0.0;0.0;45
WAE;20170227;12.9;13.4;10.1;0.0;92
WAE;20170228;6.0;7.3;1.3;9.1;12
WAE;20170301;6.8;8.4;5.6;0.5;7
WAE;20170302;5.9;10.3;0.0;3.1;28
WAE;20170303;10.3;12.1;0.0;0.0;66
WAE;20170304;8.7;18.1;1.3;0.0;54
WAE;20170305;7.1;9.7;9.6;3.5;58
WAE;20170306;4.7;6.8;10.1;7.2;0
WAE;20170307;4.5;5.8;1.3;0.3;6
WAE;20170308;5.9;7.2;12.3;1.0;30
WAE;20170309;9.8;9.8;0.4;9.7;0
WAE;20170310;8.9;13.0;0.0;0.0;89
WAE;20170311;9.9;13.2;0.0;0.0;87
WAE;20170312;10.4;13.7;0.0;0.0;99
WAE;20170313;11.1;14.1;0.0;0.0;89
WAE;20170314;10.5;15.1;0.0;0.0;98
WAE;20170315;13.2;16.1;0.0;0.0;97
WAE;20170316;12.9;16.8;0.0;0.0;97
WAE;20170317;16.4;19.7;0.0;0.0;92
WAE;20170318;10.1;9.5;6.0;21.2;0
WAE;20170319;13.8;16.5;0.0;0.0;21
WAE;20170320;12.1;15.1;0.0;0.0;38
WAE;20170321;10.9;13.2;1.0;0.0;6
WAE;20170322;7.0;6.9;5.7;0.1;0
WAE;20170323;14.6;16.9;0.0;0.0;89
WAE;20170324;9.4;13.0;0.0;0.0;16
WAE;20170325;11.4;13.6;0.0;0.0;84
WAE;20170326;10.4;11.6;0.0;0.0;6
WAE;20170327;13.3;16.2;0.0;0.0;99
WAE;20170328;14.5;18.2;0.0;0.0;94
WAE;20170329;14.8;18.6;0.0;0.0;98
WAE;20170330;16.5;20.2;0.0;0.0;98
WAE;20170331;16.3;20.4;0.0;0.0;81
WAE;20170401;13.3;18.5;0.0;0.0;65
WAE;20170402;14.5;16.1;0.0;0.0;13
WAE;20170403;14.9;17.6;0.2;0.0;59
WAE;20170404;12.0;15.0;0.5;0.0;34
WAE;20170405;11.8;14.1;0.0;0.0;30
WAE;20170406;10.0;12.6;0.0;0.0;49
WAE;20170407;13.8;16.3;0.0;0.0;97
WAE;20170408;16.5;19.4;0.0;0.0;98
WAE;20170409;19.1;22.2;0.0;0.0;99
WAE;20170410;18.7;23.4;0.0;0.0;85
WAE;20170411;12.5;14.5;0.0;0.0;23
WAE;20170412;16.7;19.6;0.0;0.0;92
WAE;20170413;14.6;18.5;0.0;0.0;78
WAE;20170414;13.1;13.8;0.0;0.0;16
WAE;20170415;12.0;15.1;1.1;0.0;5
WAE;20170416;6.5;8.9;-;-;0
WAE;20170417;9.8;12.0;-;-;3
WAE;20170418;2.8;8.7;2.4;-;39
WAE;20170419;2.2;5.9;0.1;0.7;18
WAE;20170420;5.5;7.3;0.0;0.0;78
WAE;20170421;11.3;12.5;0.0;0.0;100
WAE;20170422;11.8;15.8;0.1;0.0;73
WAE;20170423;11.7;13.3;0.0;0.0;62
WAE;20170424;16.8;18.7;0.5;0.0;95
WAE;20170425;8.2;13.9;26.4;9.7;2
WAE;20170426;4.3;4.3;3.7;6.8;0
WAE;20170427;2.7;4.1;22.8;8.1;0
WAE;20170428;4.1;6.7;0.0;13.5;3
WAE;20170429;11.1;12.4;0.0;0.0;99
WAE;20170430;14.9;18.4;0.0;0.0;95
WAE;20170501;6.1;8.2;2.7;3.8;0
WAE;20170502;11.9;14.1;1.4;0.0;55
WAE;20170503;13.2;14.3;0.1;0.0;39
WAE;20170504;10.4;13.8;3.8;1.1;30
WAE;20170505;15.2;18.1;0.0;0.0;94
WAE;20170506;10.6;17.1;8.2;9.8;7
WAE;20170507;11.2;13.3;8.7;0.9;0
WAE;20170508;8.9;11.4;0.9;0.8;1
WAE;20170509;11.8;13.1;0.0;0.0;23
WAE;20170510;18.0;19.6;0.0;0.0;92
WAE;20170511;19.4;22.1;0.0;0.0;32
WAE;20170512;12.6;20.5;1.1;4.6;42
WAE;20170513;15.8;21.5;3.3;0.0;59
WAE;20170514;13.9;18.1;3.9;4.6;20
WAE;20170515;19.6;21.7;0.0;0.3;76
WAE;20170516;21.9;24.1;0.0;0.0;100
WAE;20170517;25.2;26.4;0.0;0.0;98
WAE;20170518;21.8;24.1;0.0;0.0;33
WAE;20170519;8.3;14.7;0.0;6.3;0
WAE;20170520;13.3;14.9;0.0;0.0;32
WAE;20170521;18.3;19.9;0.0;0.0;81
WAE;20170522;23.0;24.9;0.0;0.0;98
WAE;20170523;22.1;26.2;0.4;0.0;61
WAE;20170524;21.4;23.2;0.0;0.0;48
WAE;20170525;21.3;23.8;0.0;0.0;98
WAE;20170526;23.7;25.8;0.0;0.0;100
WAE;20170527;28.2;28.4;0.0;0.0;97
WAE;20170528;27.7;30.3;0.0;0.0;86
WAE;20170529;28.5;30.3;0.0;0.0;93
WAE;20170530;26.0;28.5;14.0;0.0;79
WAE;20170531;23.7;26.1;0.0;0.0;63
WAE;20170601;23.6;24.2;13.4;0.0;62
WAE;20170602;18.5;25.9;0.6;4.0;51
WAE;20170603;22.1;27.0;17.2;1.3;70
WAE;20170604;19.4;20.7;0.5;1.4;31
WAE;20170605;16.1;16.4;0.0;2.2;4
WAE;20170606;15.8;16.7;4.5;4.9;21
WAE;20170607;16.5;18.0;0.0;0.0;73
WAE;20170608;23.1;23.5;0.0;0.0;98
WAE;20170609;20.4;22.8;0.0;0.0;31
WAE;20170610;24.2;25.1;0.0;0.0;75
WAE;20170611;27.9;30.5;0.0;0.0;97
WAE;20170612;24.2;27.6;0.0;0.0;17
WAE;20170613;26.2;27.2;0.0;0.0;68
WAE;20170614;24.8;25.4;0.0;0.0;27
WAE;20170615;23.4;28.9;20.8;0.7;67
WAE;20170616;22.5;25.3;0.0;0.0;46
WAE;20170617;22.6;23.8;0.0;0.0;83
WAE;20170618;24.4;25.8;0.0;0.0;100
WAE;20170619;29.3;29.8;0.0;0.0;98
WAE;20170620;28.9;32.4;0.0;0.0;72
WAE;20170621;29.0;31.8;0.0;0.0;78
WAE;20170622;30.3;32.8;0.0;0.0;79
WAE;20170623;27.4;32.8;0.0;0.7;55
WAE;20170624;23.4;24.5;4.4;0.5;17
WAE;20170625;24.7;25.0;0.0;1.1;33
WAE;20170626;26.6;30.4;7.9;0.0;77
WAE;20170627;25.6;26.8;13.1;0.0;41
WAE;20170628;16.1;24.3;4.6;8.9;30
WAE;20170629;17.0;22.1;0.0;1.1;27
WAE;20170630;17.2;21.5;2.0;0.0;58
WAE;20170701;17.8;20.3;1.3;0.0;30
WAE;20170702;15.7;16.1;3.2;0.8;0
WAE;20170703;22.3;22.7;0.0;0.0;46
WAE;20170704;25.3;25.9;0.0;0.0;95
WAE;20170705;28.8;29.6;0.0;0.0;94
WAE;20170706;30.2;31.1;0.0;0.0;93
WAE;20170707;28.1;31.5;0.0;0.8;51
WAE;20170708;22.3;32.4;4.1;0.3;64
WAE;20170709;18.8;24.4;6.0;3.0;15
WAE;20170710;21.9;25.1;26.1;0.0;14
WAE;20170711;19.5;23.1;0.0;0.0;31
WAE;20170712;24.7;26.8;1.4;0.0;34
WAE;20170713;22.3;23.4;0.1;0.0;43
WAE;20170714;21.7;22.4;0.0;2.5;22
WAE;20170715;19.8;21.8;0.0;0.0;31
WAE;20170716;23.1;23.9;0.0;0.0;69
WAE;20170717;25.4;27.5;0.0;0.0;98
WAE;20170718;23.8;27.7;0.0;0.0;64
WAE;20170719;22.5;31.4;0.4;0.2;65
WAE;20170720;23.5;23.8;0.0;0.8;47
WAE;20170721;18.6;27.1;10.3;0.0;60
WAE;20170722;24.7;27.6;22.2;0.0;69
WAE;20170723;19.4;21.2;0.1;0.0;7
WAE;20170724;15.4;18.5;7.1;12.9;3
WAE;20170725;14.6;16.7;13.7;11.5;4
WAE;20170726;18.5;20.1;0.0;4.5;20
WAE;20170727;19.7;21.0;9.9;0.2;12
WAE;20170728;19.4;20.0;0.0;7.7;21
WAE;20170729;25.6;26.3;0.0;0.0;83
WAE;20170730;23.2;27.9;7.0;0.0;57
WAE;20170731;25.9;27.0;0.0;0.7;27
WAE;20170801;22.8;30.4;0.0;0.1;67
WAE;20170802;28.0;29.7;0.0;0.0;76
WAE;20170803;27.8;31.9;0.0;0.0;69
WAE;20170804;24.6;27.2;0.0;0.0;42
WAE;20170805;24.9;28.4;0.7;0.0;47
WAE;20170806;18.6;19.8;0.0;1.5;13
WAE;20170807;23.7;24.9;0.0;0.0;100
WAE;20170808;16.1;21.2;1.1;7.4;9
WAE;20170809;19.5;21.1;16.3;0.0;11
WAE;20170810;13.5;13.8;9.6;16.2;1
WAE;20170811;12.8;12.9;3.5;3.8;0
WAE;20170812;17.9;20.4;0.2;3.3;23
WAE;20170813;21.8;23.8;0.0;0.0;73
WAE;20170814;24.3;26.9;0.0;0.0;97
WAE;20170815;25.4;29.1;1.7;0.0;79
WAE;20170816;24.0;26.0;0.0;0.0;68
WAE;20170817;25.3;27.2;0.0;0.0;79
WAE;20170818;18.2;30.1;4.4;15.0;69
WAE;20170819;18.8;21.1;0.0;0.0;14
WAE;20170820;18.7;21.0;0.0;0.0;67
WAE;20170821;18.5;19.7;0.0;0.0;4
WAE;20170822;21.5;24.7;0.0;0.0;97
WAE;20170823;24.5;28.1;0.0;0.0;83
WAE;20170824;18.7;28.1;0.0;8.9;65
WAE;20170825;24.8;28.3;0.0;0.0;77
WAE;20170826;24.7;29.0;0.0;0.0;75
WAE;20170827;22.1;25.3;0.0;0.1;41
WAE;20170828;24.4;27.3;0.0;0.0;64
WAE;20170829;24.8;29.3;0.0;0.0;97
WAE;20170830;26.7;29.7;1.9;0.0;77
WAE;20170831;13.9;19.4;20.4;20.0;0
WAE;20170901;13.2;14.7;27.6;11.7;0
WAE;20170902;12.1;14.2;0.0;0.3;5
WAE;20170903;14.7;17.3;0.0;0.0;77
WAE;20170904;17.1;20.3;0.1;0.0;48
WAE;20170905;21.3;23.8;0.0;0.0;63
WAE;20170906;17.2;21.7;0.0;2.1;16
WAE;20170907;15.3;18.4;0.0;0.0;33
WAE;20170908;17.1;19.6;0.0;0.0;70
WAE;20170909;12.6;15.0;9.0;5.3;0
WAE;20170910;14.0;16.4;0.0;1.0;28
WAE;20170911;14.6;18.1;1.5;0.3;33
WAE;20170912;13.3;14.6;0.0;2.7;21
WAE;20170913;15.9;17.3;0.0;0.2;17
WAE;20170914;11.4;16.1;0.0;17.5;31
WAE;20170915;12.1;15.5;0.0;0.0;73
WAE;20170916;9.7;15.8;1.0;3.6;37
WAE;20170917;10.3;15.8;3.2;0.7;52
WAE;20170918;11.6;14.1;0.0;0.0;34
WAE;20170919;9.5;12.3;2.6;1.0;7
WAE;20170920;10.1;14.4;0.0;0.0;45
WAE;20170921;13.3;17.5;0.0;0.0;98
WAE;20170922;15.3;19.1;0.0;0.0;84
WAE;20170923;15.7;19.9;0.0;0.0;93
WAE;20170924;15.7;19.3;0.0;0.0;87
WAE;20170925;16.0;19.0;0.0;0.0;65
WAE;20170926;14.3;17.0;1.2;0.3;44
WAE;20170927;16.4;20.0;0.0;0.0;67
WAE;20170928;17.9;21.0;0.0;0.0;52
WAE;20170929;16.6;19.8;0.0;1.5;13
WAE;20170930;15.2;20.8;10.7;3.8;37
WAE;20171001;12.1;15.9;0.0;0.0;35
WAE;20171002;15.8;15.8;0.7;0.0;0
WAE;20171003;14.2;16.8;0.0;13.1;34
WAE;20171004;12.5;15.9;0.0;0.0;32
WAE;20171005;18.7;21.8;22.7;0.0;85
WAE;20171006;9.0;12.3;0.0;0.2;30
WAE;20171007;12.1;13.4;0.6;0.0;74
WAE;20171008;10.8;11.8;0.0;0.4;1
WAE;20171009;12.3;13.6;0.0;0.0;5
WAE;20171010;12.0;16.1;0.0;0.0;71
WAE;20171011;12.4;17.7;0.0;0.0;96
WAE;20171012;14.1;19.4;0.0;0.0;91
WAE;20171013;14.2;18.8;0.0;0.0;97
WAE;20171014;14.7;19.4;0.0;0.0;89
WAE;20171015;14.9;19.8;0.0;0.0;68
WAE;20171016;15.6;21.1;0.0;0.0;100
WAE;20171017;15.3;20.6;0.0;0.0;95
WAE;20171018;13.0;18.8;0.0;0.0;99
WAE;20171019;14.6;18.1;0.0;0.0;73
WAE;20171020;14.8;19.0;0.0;0.0;34
WAE;20171021;15.7;19.0;13.0;0.0;24
WAE;20171022;7.7;11.1;3.5;3.8;17
WAE;20171023;8.4;9.4;0.8;1.5;0
WAE;20171024;11.0;14.7;0.0;0.0;66
WAE;20171025;14.2;17.3;0.0;0.0;80
WAE;20171026;14.8;18.3;0.0;0.0;88
WAE;20171027;10.2;15.0;0.0;0.2;1
WAE;20171028;9.4;12.1;0.0;0.0;42
WAE;20171029;9.4;10.4;1.4;4.4;0
WAE;20171030;6.3;8.3;0.0;0.0;21
WAE;20171031;5.5;8.9;0.0;0.0;75
WAE;20171101;8.4;11.7;0.0;0.0;92
WAE;20171102;12.2;15.6;0.0;0.0;45
WAE;20171103;10.6;15.4;0.0;0.0;94
WAE;20171104;12.6;16.0;0.0;0.0;54
WAE;20171105;5.7;10.8;19.8;13.8;0
WAE;20171106;5.3;5.1;1.2;1.4;0
WAE;20171107;5.7;7.1;2.6;0.0;1
WAE;20171108;5.8;6.7;0.8;1.0;0
WAE;20171109;6.0;6.5;0.0;0.1;0
WAE;20171110;7.8;7.6;3.7;3.8;0
WAE;20171111;7.6;9.3;24.3;10.5;0
WAE;20171112;3.8;12.6;5.3;25.6;0
WAE;20171113;3.1;4.7;0.0;0.9;0
WAE;20171114;1.9;5.1;0.0;0.0;40
WAE;20171115;2.2;3.9;0.0;0.0;33
WAE;20171116;2.7;3.2;0.0;0.0;0
WAE;20171117;4.1;4.7;0.0;0.0;6
WAE;20171118;4.3;4.7;6.6;0.0;0
WAE;20171119;3.7;4.5;0.0;3.2;1
WAE;20171120;6.1;4.8;0.0;0.0;0
WAE;20171121;6.6;8.6;0.0;0.0;6
WAE;20171122;6.9;11.1;0.0;0.0;95
WAE;20171123;8.7;11.9;0.0;0.0;38
WAE;20171124;10.9;13.9;0.0;0.0;55
WAE;20171125;4.1;9.1;8.0;17.7;0
WAE;20171126;1.6;3.4;0.3;1.6;13
WAE;20171127;4.5;6.3;0.0;0.0;42
WAE;20171128;4.4;5.7;2.7;0.0;2
WAE;20171129;1.3;3.9;0.6;4.8;0
WAE;20171130;0.7;1.9;1.6;0.1;0
WAE;20171201;0.6;1.8;0.0;0.0;38
WAE;20171202;0.4;2.0;0.0;0.0;50
WAE;20171203;-0.1;0.8;0.9;0.0;17
WAE;20171204;2.4;1.5;0.3;1.7;0
WAE;20171205;1.5;5.0;0.0;0.0;30
WAE;20171206;0.0;0.4;0.0;0.0;0
WAE;20171207;5.4;1.9;8.8;0.0;97
WAE;20171208;1.6;4.3;4.1;8.1;0
WAE;20171209;-2.7;0.4;0.0;0.4;42
WAE;20171210;4.1;5.6;4.5;14.1;0
WAE;20171211;6.4;7.5;6.2;0.1;0
WAE;20171212;2.1;2.1;0.0;1.8;0
WAE;20171213;10.1;2.4;0.0;0.0;59
WAE;20171214;4.4;7.2;47.7;23.6;0
WAE;20171215;2.9;5.0;2.3;0.0;59
WAE;20171216;1.4;2.3;0.2;3.0;0
WAE;20171217;0.5;1.5;0.0;0.0;0
WAE;20171218;1.3;0.4;0.0;3.6;0
WAE;20171219;2.1;2.2;0.0;0.0;0
WAE;20171220;2.0;2.6;0.0;0.0;0
WAE;20171221;3.1;4.4;3.2;2.4;44
WAE;20171222;4.8;4.7;2.6;4.8;0
WAE;20171223;3.8;5.6;0.0;0.0;5
WAE;20171224;0.7;2.0;0.0;0.0;0
WAE;20171225;-0.4;0.6;0.0;0.0;0
WAE;20171226;2.8;6.0;0.0;0.0;11
WAE;20171227;3.5;4.5;2.1;1.7;0
WAE;20171228;-0.9;1.6;0.0;5.3;2
WAE;20171229;4.9;0.7;3.4;0.0;61
WAE;20171230;11.8;6.7;9.5;3.9;0
WAE;20171231;8.2;10.0;2.9;0.0;99
WAE;20180101;6.7;8.7;4.6;0.2;65
WAE;20180102;5.5;6.9;2.5;1.8;31
WAE;20180103;6.7;15.4;4.4;5.5;0
WAE;20180104;14.3;12.9;0.4;22.4;0
WAE;20180105;8.4;12.0;0.6;0.0;35
WAE;20180106;6.1;6.8;0.0;0.0;51
WAE;20180107;4.1;5.6;0.0;0.0;1
WAE;20180108;5.2;7.2;0.0;0.0;62
WAE;20180109;6.0;13.7;0.0;0.0;14
WAE;20180110;5.0;7.6;0.0;0.0;63
WAE;20180111;4.9;6.5;0.0;0.0;29
WAE;20180112;3.9;4.0;0.0;0.0;0
WAE;20180113;0.6;4.2;0.0;0.0;17
WAE;20180114;0.3;0.6;0.0;0.0;0
WAE;20180115;6.4;3.4;0.0;0.0;24
WAE;20180116;7.6;10.9;10.3;1.7;2
WAE;20180117;3.7;3.1;0.1;1.1;5
WAE;20180118;10.8;8.8;2.3;1.3;0
WAE;20180119;3.6;6.3;0.7;3.2;20
WAE;20180120;6.9;4.5;15.5;1.5;2
WAE;20180121;8.2;5.5;24.5;0.9;0
WAE;20180122;9.4;9.5;0.9;11.3;0
WAE;20180123;3.9;7.0;0.0;0.2;10
WAE;20180124;6.4;9.1;0.0;0.0;93
WAE;20180125;6.8;8.9;0.0;0.0;3
WAE;20180126;6.7;8.5;0.0;0.0;10
WAE;20180127;6.8;7.4;0.0;0.0;0
WAE;20180128;6.9;7.4;0.0;0.0;1
WAE;20180129;6.3;9.4;0.0;0.0;100
WAE;20180130;7.6;8.9;0.0;0.0;55
WAE;20180131;8.7;8.1;9.5;0.0;25
WAE;20180201;2.5;4.4;0.0;4.8;0
WAE;20180202;2.2;5.4;0.0;0.0;66
WAE;20180203;1.4;3.4;0.1;0.0;2
WAE;20180204;1.4;3.5;0.0;0.0;51
WAE;20180205;-0.2;2.3;0.0;0.0;26
WAE;20180206;0.8;2.5;0.0;0.0;20
WAE;20180207;2.0;2.1;0.3;0.4;0
WAE;20180208;0.7;1.6;0.0;0.0;0
WAE;20180209;0.3;1.7;0.0;0.0;0
WAE;20180210;1.0;1.6;0.0;0.2;0
WAE;20180211;2.0;1.9;7.6;4.0;0
WAE;20180212;-0.7;2.3;0.1;0.4;15
WAE;20180213;-2.8;1.7;0.0;0.0;100
WAE;20180214;-1.2;2.1;0.0;0.0;42
WAE;20180215;4.2;1.6;10.7;7.9;0
WAE;20180216;4.5;5.4;0.1;6.4;0
WAE;20180217;3.3;4.7;10.0;15.3;0
WAE;20180218;0.8;2.4;0.0;0.0;4
WAE;20180219;1.3;2.3;0.0;0.0;0
WAE;20180220;-0.3;0.5;0.0;0.0;0
WAE;20180221;-0.5;1.1;0.0;0.0;0
WAE;20180222;-1.3;-1.4;0.0;0.0;0
WAE;20180223;-1.2;-1.4;0.0;0.0;0
WAE;20180224;-0.4;0.1;0.0;0.0;0
WAE;20180225;-5.0;-4.0;0.0;0.0;0
WAE;20180226;-8.8;-7.2;0.0;0.0;7
WAE;20180227;-8.0;-6.0;0.0;0.0;4
WAE;20180228;-3.3;-2.6;1.1;0.0;72
WAE;20180301;-2.7;-2.6;0.0;1.4;0
WAE;20180302;-0.3;-1.2;0.0;1.6;3
WAE;20180303;2.8;2.8;0.4;1.6;10
WAE;20180304;6.9;9.0;0.0;0.0;79
WAE;20180305;7.5;11.5;0.0;0.0;59
WAE;20180306;5.7;9.6;0.9;0.0;8
WAE;20180307;3.8;8.2;9.3;0.5;0
WAE;20180308;8.3;9.8;0.0;0.0;80
WAE;20180309;10.0;11.3;0.0;0.0;0
WAE;20180310;8.6;10.8;0.0;0.2;0
WAE;20180311;9.2;10.7;0.0;0.0;0
WAE;20180312;8.4;12.6;2.8;2.8;14
WAE;20180313;6.3;7.9;1.5;2.2;0
WAE;20180314;8.3;12.1;0.0;0.0;84
WAE;20180315;8.9;14.1;0.0;0.0;21
WAE;20180316;8.4;11.7;0.0;0.0;27
WAE;20180317;4.2;6.9;4.1;0.8;0
WAE;20180318;0.7;1.7;-;0.0;0
WAE;20180319;-0.1;1.0;-;-;0
WAE;20180320;-0.8;1.1;-;-;7
WAE;20180321;0.0;3.3;-;-;18
WAE;20180322;1.8;4.5;-;-;41
WAE;20180323;5.2;8.5;-;-;57
WAE;20180324;7.4;11.1;-;-;98
WAE;20180325;9.0;13.2;-;-;80
WAE;20180326;5.5;9.1;-;-;4
WAE;20180327;5.9;9.3;-;-;26
WAE;20180328;9.7;11.3;16.3;-;2
WAE;20180329;4.9;8.3;0.0;1.9;0
WAE;20180330;6.3;14.1;16.1;0.2;35
WAE;20180331;5.2;6.0;1.4;1.3;0
WAE;20180401;6.2;8.3;0.0;0.0;10
WAE;20180402;11.1;14.1;0.0;0.0;63
WAE;20180403;14.7;19.3;0.0;0.0;60
WAE;20180404;11.3;20.2;0.2;1.7;38
WAE;20180405;9.8;13.7;0.0;0.0;34
WAE;20180406;13.8;16.6;0.0;0.0;97
WAE;20180407;17.4;21.7;0.0;0.0;97
WAE;20180408;18.2;22.7;0.0;0.0;74
WAE;20180409;16.9;18.4;0.0;0.0;2
WAE;20180410;8.2;18.2;0.0;0.0;57
WAE;20180411;15.3;17.7;0.0;0.0;64
WAE;20180412;13.5;18.4;0.0;0.0;59
WAE;20180413;12.7;15.6;0.0;0.0;57
WAE;20180414;15.3;19.0;0.0;0.0;66
WAE;20180415;15.0;17.0;6.5;0.0;13
WAE;20180416;12.9;15.3;0.0;0.6;5
WAE;20180417;17.1;20.9;0.0;0.0;96
WAE;20180418;18.8;23.7;0.0;0.0;98
WAE;20180419;20.9;24.4;0.0;0.0;99
WAE;20180420;21.3;25.4;0.0;0.0;97
WAE;20180421;21.3;25.4;0.0;0.0;99
WAE;20180422;21.1;26.0;0.0;0.0;94
WAE;20180423;14.1;22.9;0.0;0.0;37
WAE;20180424;18.8;22.3;0.0;0.0;93
WAE;20180425;19.0;24.0;0.0;0.0;68
WAE;20180426;11.9;12.8;0.0;0.0;4
WAE;20180427;20.2;21.5;0.0;0.0;88
WAE;20180428;18.5;21.5;0.0;0.0;71
WAE;20180429;20.8;25.8;0.1;0.0;46
WAE;20180430;13.9;16.3;0.0;0.0;50
WAE;20180501;11.1;13.1;0.0;0.0;16
WAE;20180502;12.1;13.6;0.0;0.0;0
WAE;20180503;13.8;14.7;0.0;0.0;0
WAE;20180504;16.1;18.5;0.0;0.0;0
WAE;20180505;20.6;23.0;0.0;0.0;58
WAE;20180506;21.1;23.5;0.0;0.0;66
WAE;20180507;19.7;23.4;0.0;0.0;69
WAE;20180508;21.4;24.9;0.0;0.0;95
WAE;20180509;15.3;22.4;1.8;2.1;64
WAE;20180510;11.3;14.4;0.0;4.1;0
WAE;20180511;19.5;20.5;0.0;0.0;97
WAE;20180512;21.8;24.9;0.0;0.0;66
WAE;20180513;10.8;16.1;0.0;0.0;13
WAE;20180514;11.2;13.9;6.3;3.6;0
WAE;20180515;9.9;14.8;4.7;2.4;7
WAE;20180516;11.9;12.7;0.2;5.2;0
WAE;20180517;13.8;14.3;0.0;1.9;1
WAE;20180518;16.6;20.8;0.0;0.0;81
WAE;20180519;12.3;20.5;8.2;0.4;56
WAE;20180520;17.1;17.3;0.0;0.0;5
WAE;20180521;17.7;23.7;0.0;0.0;69
WAE;20180522;17.1;24.2;4.5;1.9;83
WAE;20180523;20.0;21.6;2.1;0.1;39
WAE;20180524;21.7;23.0;0.0;0.0;56
WAE;20180525;23.4;25.7;0.0;0.0;96
WAE;20180526;23.8;27.1;0.0;0.0;73
WAE;20180527;24.4;26.5;0.0;0.0;68
WAE;20180528;25.2;28.0;0.6;0.0;79
WAE;20180529;19.4;21.5;0.0;0.0;16
WAE;20180530;18.8;28.4;0.0;0.3;75
WAE;20180531;19.1;24.9;2.4;2.7;61
WAE;20180601;17.8;23.6;0.0;0.4;66
WAE;20180602;23.2;25.0;0.0;0.0;95
WAE;20180603;23.9;26.9;0.0;0.0;60
WAE;20180604;17.4;26.5;0.1;45.9;52
WAE;20180605;21.5;26.7;0.0;0.0;78
WAE;20180606;20.9;25.5;0.0;3.3;44
WAE;20180607;23.8;24.0;0.0;0.0;48
WAE;20180608;18.0;24.2;0.8;12.3;26
WAE;20180609;23.4;26.0;23.1;0.0;65
WAE;20180610;24.8;26.8;0.0;0.0;74
WAE;20180611;19.8;22.5;0.0;5.3;22
WAE;20180612;16.7;20.7;32.1;1.9;6
WAE;20180613;12.9;13.7;0.0;17.1;0
WAE;20180614;19.3;20.4;0.0;0.0;73
WAE;20180615;21.2;22.9;0.0;0.0;84
WAE;20180616;22.4;24.7;0.0;0.0;93
WAE;20180617;19.4;21.9;0.0;1.0;13
WAE;20180618;22.7;24.0;0.0;0.0;61
WAE;20180619;24.2;26.0;0.0;0.0;89
WAE;20180620;27.6;28.7;0.0;0.0;98
WAE;20180621;24.0;28.0;0.6;0.0;49
WAE;20180622;17.8;20.2;0.0;0.0;52
WAE;20180623;19.8;21.1;0.0;0.0;97
WAE;20180624;19.5;20.6;0.0;0.0;17
WAE;20180625;20.3;22.3;0.0;0.0;48
WAE;20180626;22.1;25.3;0.0;0.0;91
WAE;20180627;22.4;25.5;0.0;0.0;71
WAE;20180628;18.6;23.9;0.0;0.0;54
WAE;20180629;23.8;24.8;0.0;0.0;70
WAE;20180630;27.3;29.5;0.0;0.0;96
WAE;20180701;25.8;29.1;0.0;0.0;96
WAE;20180702;28.0;29.5;0.0;0.0;78
WAE;20180703;22.3;23.9;0.0;0.3;17
WAE;20180704;25.3;28.4;3.0;0.0;67
WAE;20180705;18.0;19.7;0.4;2.7;5
WAE;20180706;19.1;19.6;0.0;5.3;7
WAE;20180707;23.9;25.7;0.0;0.0;83
WAE;20180708;25.1;27.1;0.0;0.0;81
WAE;20180709;24.8;27.5;0.0;0.0;89
WAE;20180710;21.6;23.4;0.0;0.0;19
WAE;20180711;20.4;21.7;0.0;0.0;32
WAE;20180712;24.4;25.3;0.0;0.0;91
WAE;20180713;26.3;28.4;0.0;0.0;88
WAE;20180714;26.3;29.2;0.0;0.0;58
WAE;20180715;22.2;28.3;0.6;0.2;57
WAE;20180716;25.5;28.1;0.2;0.0;86
WAE;20180717;22.6;27.0;0.0;0.0;64
WAE;20180718;26.8;29.7;0.0;0.0;97
WAE;20180719;26.9;29.9;0.0;0.0;95
WAE;20180720;20.9;29.6;0.6;0.1;54
WAE;20180721;19.1;21.7;0.0;0.6;1
WAE;20180722;20.5;22.2;0.0;4.9;21
WAE;20180723;24.2;25.6;0.0;0.0;50
WAE;20180724;28.5;30.0;0.0;0.0;91
WAE;20180725;28.2;31.0;0.0;0.0;96
WAE;20180726;27.9;31.6;0.0;0.0;97
WAE;20180727;29.8;31.5;0.0;0.0;98
WAE;20180728;22.5;23.4;0.0;5.9;11
WAE;20180729;28.0;30.3;0.0;0.0;96
WAE;20180730;29.1;32.4;0.0;0.0;94
WAE;20180731;31.0;34.2;0.0;0.0;96
WAE;20180801;22.0;32.9;0.0;2.1;61
WAE;20180802;27.8;30.2;0.0;0.0;84
WAE;20180803;30.0;32.7;0.0;0.0;93
WAE;20180804;29.9;33.9;0.0;0.0;78
WAE;20180805;29.4;33.0;0.0;0.0;88
WAE;20180806;27.1;32.9;0.0;0.0;68
WAE;20180807;27.4;31.2;0.0;0.0;45
WAE;20180808;24.8;29.2;0.0;0.9;40
WAE;20180809;19.3;31.2;6.4;1.8;55
WAE;20180810;21.0;22.6;0.0;0.0;23
WAE;20180811;21.6;24.1;0.0;0.0;77
WAE;20180812;26.8;27.9;0.0;0.0;96
WAE;20180813;20.6;24.8;4.4;3.7;22
WAE;20180814;20.9;22.9;0.0;5.3;18
WAE;20180815;23.4;25.8;0.0;0.0;90
WAE;20180816;24.8;28.4;0.0;0.0;96
WAE;20180817;18.6;28.4;0.0;8.5;60
WAE;20180818;23.6;25.2;0.0;0.0;35
WAE;20180819;25.1;28.3;0.0;0.0;82
WAE;20180820;25.4;28.8;0.0;0.0;93
WAE;20180821;23.6;29.5;0.0;0.0;95
WAE;20180822;26.7;30.8;4.4;0.0;87
WAE;20180823;24.8;29.5;12.4;0.0;81
WAE;20180824;17.2;24.2;1.5;4.7;23
WAE;20180825;11.3;16.3;1.8;4.2;0
WAE;20180826;15.1;18.7;0.0;0.0;80
WAE;20180827;22.0;25.0;0.0;0.0;53
WAE;20180828;22.5;26.6;0.0;0.0;89
WAE;20180829;18.0;27.7;4.8;33.3;45
WAE;20180830;16.8;17.3;5.3;0.0;0
WAE;20180831;13.6;15.0;10.3;8.3;0
WAE;20180901;13.2;13.9;0.3;1.8;0
WAE;20180902;14.6;15.7;0.0;0.0;0
WAE;20180903;17.5;19.2;0.0;0.0;8
WAE;20180904;19.2;22.7;0.0;0.0;97
WAE;20180905;21.1;24.5;0.0;0.0;94
WAE;20180906;17.4;23.3;15.9;0.8;53
WAE;20180907;17.9;19.6;0.0;2.9;16
WAE;20180908;18.3;22.5;0.0;0.0;93
WAE;20180909;20.2;24.9;0.0;0.0;97
WAE;20180910;20.1;25.6;0.0;0.0;76
WAE;20180911;21.0;26.6;0.0;0.0;98
WAE;20180912;22.2;28.0;3.0;0.0;96
WAE;20180913;17.4;25.5;6.4;17.8;66
WAE;20180914;19.7;21.8;2.7;0.0;45
WAE;20180915;18.4;21.3;0.0;0.0;65
WAE;20180916;18.8;20.3;0.0;0.0;49
WAE;20180917;20.0;25.2;0.0;0.0;95
WAE;20180918;20.5;24.2;0.0;0.1;45
WAE;20180919;20.4;25.8;0.0;0.0;94
WAE;20180920;20.5;26.0;0.0;0.0;97
WAE;20180921;16.5;26.4;2.1;1.7;46
WAE;20180922;15.8;18.0;0.5;0.0;60
WAE;20180923;24.4;26.0;21.2;0.0;36
WAE;20180924;10.7;13.5;0.0;0.0;29
WAE;20180925;11.3;15.6;0.0;0.0;99
WAE;20180926;13.8;17.7;0.0;0.0;98
WAE;20180927;16.5;21.5;0.0;0.0;99
WAE;20180928;18.6;22.0;0.0;0.0;92
WAE;20180929;14.2;14.9;0.0;0.0;0
WAE;20180930;17.3;20.4;24.3;0.0;90
WAE;20181001;8.9;10.9;0.5;2.4;0
WAE;20181002;11.1;12.4;0.0;0.0;27
WAE;20181003;13.3;15.5;0.0;0.0;8
WAE;20181004;13.9;18.3;0.0;0.0;85
WAE;20181005;15.5;20.4;0.0;0.0;97
WAE;20181006;15.9;20.6;0.0;0.0;27
WAE;20181007;16.2;20.7;0.0;0.0;65
WAE;20181008;14.2;16.5;0.0;0.0;29
WAE;20181009;14.3;18.5;0.0;0.0;63
WAE;20181010;17.0;20.8;0.0;0.0;68
WAE;20181011;14.5;16.9;0.0;0.0;8
WAE;20181012;15.8;21.8;0.0;0.0;96
WAE;20181013;15.9;20.3;0.0;0.0;99
WAE;20181014;19.6;22.1;0.0;0.0;100
WAE;20181015;18.4;22.5;0.0;0.0;100
WAE;20181016;14.5;20.5;0.0;0.0;86
WAE;20181017;13.5;18.9;0.0;0.0;91
WAE;20181018;15.1;17.9;0.0;0.0;55
WAE;20181019;11.5;14.3;0.0;0.0;24
WAE;20181020;11.7;16.0;0.0;0.0;54
WAE;20181021;9.8;13.7;0.0;0.0;29
WAE;20181022;8.9;12.3;0.0;0.0;53
WAE;20181023;12.7;13.6;0.0;0.0;56
WAE;20181024;13.0;13.7;0.0;0.2;18
WAE;20181025;12.3;16.7;0.0;0.0;98
WAE;20181026;12.2;14.3;1.4;0.0;58
WAE;20181027;4.9;7.4;6.0;11.9;0
WAE;20181028;4.4;4.2;0.0;0.0;0
WAE;20181029;12.1;7.2;7.7;10.6;0
WAE;20181030;4.6;6.8;0.0;1.2;8
WAE;20181031;13.6;11.1;0.0;0.0;8
WAE;20181101;10.0;13.1;0.0;0.0;58
WAE;20181102;10.5;11.5;0.0;0.0;0
WAE;20181103;10.7;11.4;0.0;0.0;0
WAE;20181104;8.7;9.6;0.0;0.0;0
WAE;20181105;8.7;11.1;0.0;0.0;27
WAE;20181106;11.8;16.7;0.0;0.0;18
WAE;20181107;10.5;13.2;0.0;0.0;78
WAE;20181108;9.6;12.3;0.0;0.0;2
WAE;20181109;8.2;11.6;0.0;0.0;30
WAE;20181110;10.0;10.3;0.2;0.0;26
WAE;20181111;11.5;15.1;0.0;0.3;84
WAE;20181112;11.5;14.8;0.0;0.1;80
WAE;20181113;9.8;11.2;0.0;1.5;0
WAE;20181114;8.1;8.2;0.0;0.0;0
WAE;20181115;7.5;7.9;0.0;0.0;0
WAE;20181116;5.4;6.1;0.0;0.0;0
WAE;20181117;3.5;5.9;0.0;0.0;43
WAE;20181118;2.3;2.1;0.0;0.0;0
WAE;20181119;1.3;2.3;0.0;0.0;0
WAE;20181120;1.7;2.2;0.0;0.0;1
WAE;20181121;2.8;2.2;0.0;0.0;0
WAE;20181122;3.5;4.1;0.0;0.0;0
WAE;20181123;4.3;3.5;0.4;0.0;0
WAE;20181124;5.8;8.6;0.0;0.1;56
WAE;20181125;3.3;3.3;0.0;0.0;0
WAE;20181126;3.5;3.9;6.7;1.4;0
WAE;20181127;3.7;3.4;0.0;3.1;0
WAE;20181128;3.7;5.0;0.0;0.0;5
WAE;20181129;5.3;5.4;0.0;0.0;18
WAE;20181130;5.9;7.2;1.1;2.3;0
WAE;20181201;6.7;7.8;0.0;0.0;19
WAE;20181202;8.9;7.1;31.3;15.9;0
WAE;20181203;13.0;13.5;26.7;2.3;6
WAE;20181204;7.3;9.3;5.7;11.4;3
WAE;20181205;7.9;8.1;5.6;0.0;0
WAE;20181206;9.1;10.3;0.0;0.7;3
WAE;20181207;10.6;11.3;7.8;0.1;23
WAE;20181208;11.4;8.4;0.8;0.0;4
WAE;20181209;5.8;8.2;7.1;10.5;8
WAE;20181210;4.2;5.9;0.3;2.3;2
WAE;20181211;2.1;4.3;0.0;0.3;29
WAE;20181212;-0.5;1.3;0.0;0.0;99
WAE;20181213;0.3;0.4;0.0;0.0;76
WAE;20181214;-0.4;-0.2;0.0;0.0;0
WAE;20181215;-0.8;0.3;6.3;0.0;53
WAE;20181216;2.1;3.0;0.0;0.1;0
WAE;20181217;4.6;4.9;0.0;0.0;0
WAE;20181218;1.1;1.4;0.0;0.0;72
WAE;20181219;3.7;4.8;0.0;2.0;9
WAE;20181220;5.7;7.1;0.0;0.0;8
WAE;20181221;12.1;6.8;6.1;8.6;0
WAE;20181222;10.6;12.6;1.3;3.7;0
WAE;20181223;11.5;9.6;42.2;14.2;0
WAE;20181224;4.8;10.7;0.0;15.2;13
WAE;20181225;1.2;2.1;0.0;0.0;20
WAE;20181226;0.2;0.4;0.0;0.0;7
WAE;20181227;0.6;1.1;0.0;0.0;17
WAE;20181228;1.6;3.8;0.0;0.0;50
WAE;20181229;2.5;1.3;1.7;0.0;0
WAE;20181230;3.8;3.9;0.4;0.0;0
WAE;20181231;4.7;5.0;0.0;0.2;0
WAE;20190101;4.8;4.9;1.0;0.0;0
WAE;20190102;1.2;2.7;2.8;0.0;0
WAE;20190103;-0.6;0.0;0.0;0.0;58
WAE;20190104;0.6;1.5;0.0;0.0;73
WAE;20190105;2.1;2.3;2.9;8.4;0
WAE;20190106;1.8;2.2;0.3;3.9;0
WAE;20190107;2.3;2.8;2.0;0.0;0
WAE;20190108;3.8;4.1;1.2;8.1;0
WAE;20190109;-0.5;2.0;2.1;1.8;0
WAE;20190110;-0.4;-0.5;0.0;4.6;0
WAE;20190111;0.0;-0.4;1.9;0.0;7
WAE;20190112;4.3;3.0;16.6;0.1;0
WAE;20190113;6.5;6.0;20.5;16.2;0
WAE;20190114;3.8;4.9;2.9;1.8;2
WAE;20190115;1.5;4.8;0.0;0.0;71
WAE;20190116;2.5;4.6;0.0;0.0;99
WAE;20190117;3.5;6.1;3.0;5.3;0
WAE;20190118;-1.2;1.5;0.0;0.0;66
WAE;20190119;-2.5;-0.2;0.0;0.0;90
WAE;20190120;0.5;1.4;0.0;0.0;3
WAE;20190121;0.4;1.7;0.0;0.0;51
WAE;20190122;-1.9;-0.8;0.0;0.0;0
WAE;20190123;-2.0;-0.5;0.0;0.0;49
WAE;20190124;-1.9;-1.2;0.0;0.1;0
WAE;20190125;-1.5;-0.1;0.0;0.0;97
WAE;20190126;1.4;1.6;0.0;0.0;0
WAE;20190127;4.8;4.4;4.1;1.1;0
WAE;20190128;1.0;2.5;0.6;0.1;6
WAE;20190129;-0.9;2.4;0.0;0.0;68
WAE;20190130;-0.2;4.5;0.0;0.0;36
WAE;20190131;2.8;1.6;0.0;0.3;6
WAE;20190201;3.0;4.8;1.7;0.0;0
WAE;20190202;3.0;5.3;15.8;0.0;44
WAE;20190203;-0.2;0.9;0.4;8.3;0
WAE;20190204;-0.5;0.6;0.0;0.0;20
WAE;20190205;-1.5;-0.9;0.0;0.0;5
WAE;20190206;-2.7;-1.6;0.0;0.0;0
WAE;20190207;2.7;2.1;3.7;4.4;0
WAE;20190208;6.1;6.2;0.0;0.0;80
WAE;20190209;5.9;9.4;0.0;0.3;32
WAE;20190210;5.9;13.8;8.0;4.2;6
WAE;20190211;2.5;4.6;0.1;2.6;21
WAE;20190212;1.8;5.0;0.0;0.0;51
WAE;20190213;2.7;6.6;0.0;0.0;100
WAE;20190214;5.4;9.2;0.0;0.0;98
WAE;20190215;5.2;9.3;0.0;0.0;98
WAE;20190216;7.5;12.7;0.0;0.0;100
WAE;20190217;7.0;12.7;0.0;0.0;100
WAE;20190218;7.4;12.4;0.0;0.0;100
WAE;20190219;7.3;11.7;0.0;0.0;99
WAE;20190220;6.8;11.4;0.0;0.0;89
WAE;20190221;9.3;14.0;0.0;0.0;97
WAE;20190222;8.5;11.7;0.0;0.0;6
WAE;20190223;5.8;9.0;0.0;0.0;86
WAE;20190224;5.2;8.5;0.0;0.0;99
WAE;20190225;7.6;11.2;0.0;0.0;98
WAE;20190226;8.5;12.4;0.0;0.0;94
WAE;20190227;9.7;15.3;0.0;0.0;99
WAE;20190228;12.9;18.5;0.5;0.0;98
WAE;20190301;6.8;8.9;0.3;9.4;0
WAE;20190302;8.4;9.7;0.0;0.0;7
WAE;20190303;10.2;13.8;0.0;0.0;61
WAE;20190304;7.5;13.8;0.2;2.6;13
WAE;20190305;9.5;11.9;0.0;0.0;73
WAE;20190306;15.2;13.2;0.7;0.0;26
WAE;20190307;8.5;11.3;0.0;6.6;23
WAE;20190308;8.1;8.2;0.0;8.4;5
WAE;20190309;10.7;11.3;1.6;3.4;0
WAE;20190310;11.5;15.5;3.3;0.7;7
WAE;20190311;2.5;5.5;0.0;4.1;7
WAE;20190312;9.6;8.3;2.7;0.0;52
WAE;20190313;6.0;8.2;0.6;0.2;21
WAE;20190314;7.4;5.7;11.1;6.8;0
WAE;20190315;11.3;11.9;0.1;29.2;0
WAE;20190316;12.6;17.0;0.0;0.0;88
WAE;20190317;3.7;17.6;15.1;6.8;37
WAE;20190318;3.9;6.7;0.0;1.3;15
WAE;20190319;5.3;8.4;0.0;0.0;64
WAE;20190320;6.7;10.2;0.0;0.0;98
WAE;20190321;8.1;11.7;0.0;0.0;98
WAE;20190322;11.7;16.0;0.0;0.0;97
WAE;20190323;12.6;17.9;0.0;0.0;98
WAE;20190324;13.3;17.4;0.0;0.0;96
WAE;20190325;5.4;9.4;1.6;0.0;3
WAE;20190326;5.5;8.8;0.0;0.0;59
WAE;20190327;7.8;11.1;0.0;0.0;75
WAE;20190328;10.9;14.1;0.0;0.0;81
WAE;20190329;11.3;15.9;0.0;0.0;98
WAE;20190330;12.8;18.1;0.0;0.0;98
WAE;20190331;14.1;18.4;0.0;0.0;97
WAE;20190401;13.3;17.1;0.0;0.0;96
WAE;20190402;15.8;18.5;0.0;0.0;57
WAE;20190403;5.7;16.3;8.8;0.0;52
WAE;20190404;2.3;2.1;1.6;18.2;0
WAE;20190405;5.8;9.1;0.0;0.0;44
WAE;20190406;9.2;12.8;0.0;0.0;36
WAE;20190407;9.5;13.0;0.2;0.0;41
WAE;20190408;11.7;13.0;0.7;0.0;16
WAE;20190409;10.8;13.4;0.0;0.0;40
WAE;20190410;9.1;11.1;0.9;0.0;0
WAE;20190411;8.4;9.4;0.0;0.0;0
WAE;20190412;8.3;9.7;0.0;0.0;26
WAE;20190413;5.9;8.5;8.3;0.0;1
WAE;20190414;3.5;4.1;0.0;3.8;0
WAE;20190415;10.6;13.3;0.0;0.0;77
WAE;20190416;11.2;16.1;0.4;0.0;44
WAE;20190417;15.0;18.1;0.0;0.0;80
WAE;20190418;16.9;20.8;0.0;0.0;97
WAE;20190419;17.4;21.9;0.0;0.0;93
WAE;20190420;18.7;22.5;0.0;0.0;99
WAE;20190421;18.4;21.8;0.0;0.0;58
WAE;20190422;18.8;21.9;0.0;0.0;38
WAE;20190423;19.6;22.9;0.0;0.0;46
WAE;20190424;11.1;23.9;0.0;0.0;76
WAE;20190425;20.0;21.4;7.8;0.0;52
WAE;20190426;7.8;8.8;2.4;10.5;3
WAE;20190427;8.6;13.1;8.7;2.6;9
WAE;20190428;6.4;9.3;2.3;4.1;30
WAE;20190429;6.9;11.3;0.1;3.7;7
WAE;20190430;10.7;11.7;0.0;0.0;6
WAE;20190501;15.1;17.7;0.0;0.0;90
WAE;20190502;12.1;18.4;6.0;0.0;45
WAE;20190503;10.4;11.6;0.0;0.0;3
WAE;20190504;2.5;12.0;5.0;12.7;3
WAE;20190505;4.3;6.9;0.0;2.2;5
WAE;20190506;7.9;9.4;0.0;0.0;28
WAE;20190507;13.2;14.4;0.5;0.0;71
WAE;20190508;10.3;12.2;9.5;3.7;0
WAE;20190509;13.0;17.3;5.2;0.0;39
WAE;20190510;13.8;15.6;0.1;0.1;14
WAE;20190511;8.7;15.0;2.9;6.0;8
WAE;20190512;8.9;12.8;0.0;0.0;21
WAE;20190513;11.2;12.4;0.0;0.0;12
WAE;20190514;10.4;14.8;0.0;0.0;87
WAE;20190515;9.7;10.8;0.0;0.0;7
WAE;20190516;12.7;14.8;0.0;0.0;93
WAE;20190517;15.4;20.0;0.0;0.0;58
WAE;20190518;14.3;17.3;11.9;0.9;4
WAE;20190519;14.6;17.2;21.7;0.0;13
WAE;20190520;11.9;12.0;8.0;16.9;0
WAE;20190521;11.9;14.1;3.2;9.7;0
WAE;20190522;16.6;18.2;0.0;0.0;46
WAE;20190523;19.1;20.9;0.0;0.0;96
WAE;20190524;20.2;22.5;0.0;0.0;81
WAE;20190525;14.7;17.1;0.0;0.6;3
WAE;20190526;18.5;19.7;0.0;0.0;42
WAE;20190527;17.8;19.7;0.0;0.0;10
WAE;20190528;10.9;13.9;3.7;8.4;0
WAE;20190529;11.6;14.2;0.0;4.8;6
WAE;20190530;17.8;19.4;0.0;0.0;90
WAE;20190531;20.5;22.8;0.0;0.0;88
WAE;20190601;23.7;26.2;0.0;0.0;98
WAE;20190602;26.0;27.6;0.0;0.0;98
WAE;20190603;22.0;29.9;0.0;0.0;68
WAE;20190604;27.6;29.7;0.0;0.0;91
WAE;20190605;26.5;29.6;0.0;0.0;76
WAE;20190606;14.5;14.8;0.0;0.0;5
WAE;20190607;19.5;27.9;0.0;0.0;69
WAE;20190608;20.1;21.7;0.0;0.0;71
WAE;20190609;17.2;17.9;0.0;0.3;10
WAE;20190610;15.2;16.7;29.9;16.3;4
WAE;20190611;15.6;15.8;4.6;0.0;16
WAE;20190612;17.2;19.4;0.0;5.7;33
WAE;20190613;20.5;22.8;0.0;0.0;78
WAE;20190614;26.6;25.9;0.0;0.0;55
WAE;20190615;16.8;22.5;8.8;0.1;35
WAE;20190616;20.4;21.4;0.0;0.0;47
WAE;20190617;24.1;25.3;0.0;0.0;96
WAE;20190618;20.4;28.1;0.0;1.0;70
WAE;20190619;27.4;28.4;3.1;0.0;82
WAE;20190620;17.5;22.0;1.0;3.9;37
WAE;20190621;20.9;23.1;7.3;0.0;31
WAE;20190622;19.4;20.5;3.1;0.7;3
WAE;20190623;23.7;25.5;0.0;0.0;72
WAE;20190624;28.2;30.0;0.0;0.0;92
WAE;20190625;30.4;32.8;0.0;0.0;93
WAE;20190626;32.3;34.6;0.0;0.0;92
WAE;20190627;31.6;34.1;0.0;0.0;91
WAE;20190628;27.5;30.0;0.0;0.0;84
WAE;20190629;29.1;32.1;0.0;0.0;98
WAE;20190630;32.0;34.4;0.0;0.0;94
WAE;20190701;27.2;30.0;46.6;0.0;66
WAE;20190702;24.9;26.7;0.0;2.3;55
WAE;20190703;23.8;25.9;0.0;0.0;44
WAE;20190704;25.0;26.7;0.0;0.0;86
WAE;20190705;27.3;29.4;0.0;0.0;92
WAE;20190706;22.5;26.2;7.9;6.8;37
WAE;20190707;23.2;25.7;0.0;2.4;46
WAE;20190708;19.1;22.5;0.6;0.0;7
WAE;20190709;20.3;21.6;0.0;0.0;29
WAE;20190710;21.1;22.8;0.0;0.0;97
WAE;20190711;18.5;21.0;0.0;0.0;8
WAE;20190712;21.4;20.8;3.5;4.2;21
WAE;20190713;20.4;22.4;0.0;0.0;58
WAE;20190714;16.3;24.6;30.9;0.0;75
WAE;20190715;19.1;22.0;0.0;0.8;23
WAE;20190716;24.0;25.7;0.0;0.0;96
WAE;20190717;24.4;26.4;0.0;0.0;82
WAE;20190718;24.3;26.6;0.0;0.0;69
WAE;20190719;25.4;27.2;0.0;0.0;81
WAE;20190720;27.1;31.0;2.5;0.0;81
WAE;20190721;25.2;26.9;0.0;0.9;56
WAE;20190722;27.1;29.3;0.0;0.0;76
WAE;20190723;29.7;31.7;0.0;0.0;98
WAE;20190724;31.3;33.7;0.0;0.0;95
WAE;20190725;30.7;34.1;0.0;0.0;74
WAE;20190726;27.7;32.2;0.3;0.0;66
WAE;20190727;18.4;25.9;16.5;7.1;29
WAE;20190728;16.7;18.1;3.6;36.7;0
WAE;20190729;20.8;22.5;0.0;0.0;20
WAE;20190730;24.4;27.2;1.5;0.0;92
WAE;20190731;19.9;22.5;0.0;0.2;13
WAE;20190801;23.3;25.2;0.8;0.0;77
WAE;20190802;19.0;21.1;0.0;3.7;21
WAE;20190803;22.5;24.9;0.0;0.0;58
WAE;20190804;24.0;26.4;0.0;0.0;93
WAE;20190805;26.4;29.9;4.4;0.0;40
WAE;20190806;20.4;23.5;1.2;3.9;19
WAE;20190807;19.0;19.8;5.9;2.7;8
WAE;20190808;23.4;25.7;0.0;0.0;88
WAE;20190809;27.9;31.1;25.7;0.0;76
WAE;20190810;20.0;21.1;0.0;8.4;4
WAE;20190811;18.1;27.3;3.7;2.5;79
WAE;20190812;17.3;18.2;7.2;4.9;0
WAE;20190813;16.5;18.5;0.0;0.0;1
WAE;20190814;18.5;21.7;0.0;0.0;99
WAE;20190815;18.8;20.4;0.0;1.9;15
WAE;20190816;19.8;23.1;0.0;0.0;97
WAE;20190817;21.3;24.7;0.0;0.0;8
WAE;20190818;25.9;30.9;38.7;0.0;95
WAE;20190819;18.4;22.5;3.1;0.1;4
WAE;20190820;14.2;16.6;3.2;20.7;0
WAE;20190821;18.0;20.0;0.0;0.0;22
WAE;20190822;17.1;17.4;0.0;0.0;0
WAE;20190823;18.6;20.3;0.0;0.0;2
WAE;20190824;21.0;23.8;0.0;0.0;67
WAE;20190825;22.1;27.2;0.0;0.0;98
WAE;20190826;22.6;27.4;0.0;0.0;98
WAE;20190827;23.6;28.1;0.0;0.0;89
WAE;20190828;24.1;27.2;0.0;0.0;43
WAE;20190829;20.3;23.7;0.0;12.9;48
WAE;20190830;23.1;27.4;0.0;0.0;97
WAE;20190831;21.7;26.6;0.0;0.0;64
WAE;20190901;17.1;22.8;25.2;9.8;9
WAE;20190902;15.3;16.1;0.0;3.1;0
WAE;20190903;16.7;21.0;0.0;0.0;86
WAE;20190904;19.6;23.2;0.0;0.0;97
WAE;20190905;12.4;16.9;2.3;4.7;16
WAE;20190906;12.3;14.1;4.8;0.2;0
WAE;20190907;14.1;17.6;7.7;0.0;31
WAE;20190908;10.5;11.7;6.8;9.4;0
WAE;20190909;12.6;16.5;0.0;0.0;49
WAE;20190910;15.8;20.0;0.0;0.0;89
WAE;20190911;16.8;20.6;0.0;0.0;69
WAE;20190912;18.8;22.9;0.0;0.0;98
WAE;20190913;19.8;25.0;0.0;0.0;99
WAE;20190914;19.1;23.1;0.0;0.0;56
WAE;20190915;20.4;25.3;0.0;0.0;95
WAE;20190916;22.1;26.7;0.0;0.0;94
WAE;20190917;19.5;23.8;0.0;0.0;88
WAE;20190918;15.3;17.5;0.0;0.0;14
WAE;20190919;14.2;18.1;0.0;0.0;86
WAE;20190920;14.2;18.1;0.0;0.0;97
WAE;20190921;15.5;20.8;0.0;0.0;97
WAE;20190922;20.1;23.1;7.6;0.0;51
WAE;20190923;13.4;15.0;0.0;19.2;14
WAE;20190924;13.9;15.0;5.4;1.4;1
WAE;20190925;15.2;18.6;3.4;4.5;21
WAE;20190926;15.6;16.9;0.0;0.6;0
WAE;20190927;16.7;23.2;10.8;0.0;50
WAE;20190928;16.1;19.1;0.0;0.0;41
WAE;20190929;21.3;21.4;0.0;0.0;92
WAE;20190930;14.4;18.4;0.0;0.0;27
WAE;20191001;18.1;21.0;11.0;0.0;83
WAE;20191002;10.3;15.9;7.4;6.0;10
WAE;20191003;9.4;13.2;0.0;0.0;96
WAE;20191004;12.6;12.8;6.0;5.6;0
WAE;20191005;12.1;14.5;2.7;3.4;0
WAE;20191006;12.8;14.9;13.8;2.3;0
WAE;20191007;10.8;14.8;0.0;0.0;69
WAE;20191008;16.7;15.8;23.0;0.0;15
WAE;20191009;11.6;12.0;3.1;26.9;0
WAE;20191010;10.4;15.6;0.0;0.0;46
WAE;20191011;11.4;16.4;0.0;0.0;98
WAE;20191012;15.4;19.6;0.0;0.0;80
WAE;20191013;14.9;21.2;0.0;0.0;80
WAE;20191014;15.4;20.4;0.0;0.0;99
WAE;20191015;11.1;15.3;6.2;14.6;0
WAE;20191016;10.8;15.4;0.0;0.0;100
WAE;20191017;14.2;17.3;0.0;0.0;73
WAE;20191018;13.4;16.5;0.0;0.0;9
WAE;20191019;13.4;16.2;0.0;0.8;21
WAE;20191020;14.1;15.5;0.0;0.0;19
WAE;20191021;13.5;15.9;2.0;0.3;0
WAE;20191022;13.8;14.6;0.0;0.0;0
WAE;20191023;23.2;15.4;0.0;0.0;33
WAE;20191024;14.6;16.5;0.0;0.0;6
WAE;20191025;11.6;16.2;0.0;0.0;40
WAE;20191026;12.6;17.6;0.0;0.0;98
WAE;20191027;15.3;18.9;0.8;0.0;96
WAE;20191028;10.2;13.1;12.5;3.3;0
WAE;20191029;8.3;9.0;4.0;5.4;0
WAE;20191030;7.5;8.3;1.4;12.0;0
WAE;20191031;9.3;8.6;0.0;0.0;0
WAE;20191101;11.3;12.2;1.8;0.6;0
WAE;20191102;12.4;15.4;1.2;0.5;12
WAE;20191103;10.3;11.8;0.0;3.1;0
WAE;20191104;12.0;12.4;0.7;0.0;36
WAE;20191105;7.7;11.5;3.0;7.6;29
WAE;20191106;7.0;9.1;0.0;0.7;1
WAE;20191107;7.7;7.8;6.8;0.0;7
WAE;20191108;4.6;4.8;0.0;10.5;0
WAE;20191109;4.6;7.4;0.0;0.0;7
WAE;20191110;3.8;5.3;0.0;0.0;17
WAE;20191111;5.2;5.9;3.6;0.0;41
WAE;20191112;5.3;7.3;0.0;0.0;47
WAE;20191113;4.3;6.6;0.0;0.1;13
WAE;20191114;3.9;5.2;0.0;0.0;16
WAE;20191115;4.8;6.1;0.0;2.6;3
WAE;20191116;3.7;6.6;0.7;0.0;37
WAE;20191117;3.4;4.4;0.0;4.0;0
WAE;20191118;4.4;7.1;0.0;0.0;26
WAE;20191119;4.5;4.8;0.0;0.0;0
WAE;20191120;4.6;5.2;0.0;0.0;0
WAE;20191121;4.3;4.7;0.0;0.0;0
WAE;20191122;3.7;7.0;0.0;0.0;72
WAE;20191123;14.3;14.9;0.0;0.0;0
WAE;20191124;7.6;9.6;0.0;0.0;0
WAE;20191125;6.6;7.4;1.0;0.0;0
WAE;20191126;7.7;10.4;0.1;0.0;13
WAE;20191127;8.7;10.2;2.1;8.5;35
WAE;20191128;7.8;8.8;2.7;6.3;3
WAE;20191129;7.0;7.4;7.8;26.0;0
WAE;20191130;3.3;5.6;0.0;0.0;46
WAE;20191201;4.2;3.9;4.5;0.0;0
WAE;20191202;1.6;3.3;0.0;0.3;0
WAE;20191203;0.3;3.0;0.0;0.0;38
WAE;20191204;1.2;1.3;0.0;0.0;0
WAE;20191205;0.4;1.9;0.0;0.0;0
WAE;20191206;7.3;3.3;0.0;0.0;75
WAE;20191207;8.1;10.4;0.0;0.0;0
WAE;20191208;10.0;9.7;0.2;0.0;78
WAE;20191209;5.2;9.5;5.3;9.7;10
WAE;20191210;0.1;4.6;0.0;0.0;82
WAE;20191211;2.5;4.4;6.0;0.2;0
WAE;20191212;2.3;4.3;0.0;1.1;29
WAE;20191213;5.5;5.7;0.2;7.0;1
WAE;20191214;10.1;9.5;0.0;1.4;15
WAE;20191215;7.7;13.5;0.0;0.0;34
WAE;20191216;9.5;8.5;0.0;0.0;24
WAE;20191217;9.0;17.8;0.0;0.0;13
WAE;20191218;7.0;11.5;0.0;0.0;42
WAE;20191219;8.2;8.5;0.0;0.0;49
WAE;20191220;8.7;18.4;8.8;0.0;0
WAE;20191221;5.7;7.5;2.4;1.2;9
WAE;20191222;6.7;7.7;1.5;3.3;0
WAE;20191223;6.2;6.5;0.6;7.2;0
WAE;20191224;9.2;8.4;1.2;10.2;0
WAE;20191225;5.3;8.6;0.0;0.5;0
WAE;20191226;4.6;4.6;6.7;0.2;2
WAE;20191227;5.9;5.6;1.8;7.9;0
WAE;20191228;2.8;4.8;0.0;0.0;0
WAE;20191229;0.4;1.4;0.0;0.0;42
WAE;20191230;0.3;0.4;0.0;0.0;0
WAE;20191231;0.5;1.0;0.0;0.0;2
WAE;20200101;0.0;0.3;0.0;0.0;0
WAE;20200102;-0.1;0.4;0.0;0.0;0
WAE;20200103;7.0;6.5;3.3;0.5;38
WAE;20200104;4.3;7.0;0.0;2.2;0
WAE;20200105;1.7;5.0;0.0;0.0;94
WAE;20200106;2.3;3.1;0.0;0.0;61
WAE;20200107;4.9;5.9;0.0;0.0;23
WAE;20200108;4.9;7.5;0.0;0.0;74
WAE;20200109;5.8;8.4;0.0;0.0;87
WAE;20200110;7.4;8.8;0.8;0.0;22
WAE;20200111;4.3;7.2;0.0;0.0;18
WAE;20200112;2.9;5.9;0.0;0.0;96
WAE;20200113;2.0;4.3;0.0;0.0;27
WAE;20200114;5.0;8.0;0.0;0.0;93
WAE;20200115;5.6;10.6;0.0;0.0;95
WAE;20200116;4.4;8.9;0.0;0.0;96
WAE;20200117;6.0;9.0;11.4;0.1;51
WAE;20200118;3.1;6.3;0.0;0.5;51
WAE;20200119;1.4;3.5;0.0;0.0;27
WAE;20200120;0.2;2.8;0.0;0.0;100
WAE;20200121;-0.7;1.1;0.0;0.0;48
WAE;20200122;-1.3;-0.9;0.0;0.0;0
WAE;20200123;-1.3;-1.1;0.0;0.0;0
WAE;20200124;1.1;1.3;0.0;0.0;7
WAE;20200125;0.7;1.6;0.0;0.0;0
WAE;20200126;4.9;5.0;0.1;0.0;11
WAE;20200127;7.1;8.3;6.1;0.0;51
WAE;20200128;4.4;7.7;8.3;9.7;0
WAE;20200129;5.4;5.1;0.0;6.2;0
WAE;20200130;7.7;7.5;5.1;0.9;61
WAE;20200131;10.1;12.3;0.0;0.0;44
WAE;20200201;12.4;12.6;1.3;0.0;35
WAE;20200202;14.9;13.9;9.7;3.6;0
WAE;20200203;17.4;14.6;6.5;2.7;0
WAE;20200204;2.8;5.2;0.0;6.9;8
WAE;20200205;1.7;5.2;0.0;0.0;44
WAE;20200206;1.4;4.8;0.0;0.0;97
WAE;20200207;2.0;5.8;0.0;0.0;98
WAE;20200208;4.8;7.7;0.0;0.0;79
WAE;20200209;15.4;10.6;0.2;0.0;82
WAE;20200210;12.1;15.5;12.5;0.8;7
WAE;20200211;5.1;7.0;5.9;4.6;0
WAE;20200212;6.0;6.7;0.0;1.4;14
WAE;20200213;8.6;7.8;14.9;2.8;14
WAE;20200214;7.3;9.7;0.0;0.0;10
WAE;20200215;6.8;10.5;0.0;0.0;89
WAE;20200216;11.3;13.7;0.0;0.0;7
WAE;20200217;7.2;14.5;4.2;11.8;31
WAE;20200218;6.7;9.2;0.0;0.0;53
WAE;20200219;4.7;7.5;0.0;2.2;9
WAE;20200220;8.9;10.0;2.4;0.0;70
WAE;20200221;4.5;7.9;0.0;0.0;43
WAE;20200222;10.8;12.7;0.0;0.0;94
WAE;20200223;16.3;16.3;0.0;0.5;1
WAE;20200224;12.8;18.0;0.0;0.0;73
WAE;20200225;8.9;12.5;18.7;0.0;13
WAE;20200226;2.0;3.7;0.3;2.5;7
WAE;20200227;6.0;4.8;0.7;5.1;20
WAE;20200228;6.6;6.9;0.0;0.0;77
WAE;20200229;11.5;14.1;28.9;0.0;27
WAE;20200301;9.5;12.8;1.4;0.0;76
WAE;20200302;5.6;7.8;16.5;0.3;0
WAE;20200303;4.7;7.5;1.3;0.0;39
WAE;20200304;5.3;7.8;0.0;0.0;44
WAE;20200305;8.0;7.7;3.2;10.0;0
WAE;20200306;4.8;7.1;3.9;1.3;2
WAE;20200307;4.0;6.7;0.0;0.5;7
WAE;20200308;6.8;9.2;4.4;0.0;70
WAE;20200309;3.6;8.3;0.0;7.4;12
WAE;20200310;7.9;4.1;2.4;7.0;0
WAE;20200311;13.1;15.2;0.0;0.1;0
WAE;20200312;14.3;16.1;5.4;0.0;35
WAE;20200313;5.4;9.9;0.0;0.9;30
WAE;20200314;7.4;9.0;0.0;0.0;18
WAE;20200315;9.2;13.6;0.0;0.0;97
WAE;20200316;11.9;16.2;0.0;0.0;96
WAE;20200317;12.8;16.9;0.0;0.0;88
WAE;20200318;13.5;18.3;0.0;0.0;96
WAE;20200319;14.1;18.1;0.0;0.0;95
WAE;20200320;14.7;17.7;1.1;0.0;36
WAE;20200321;5.3;11.2;0.0;0.0;16
WAE;20200322;4.8;7.1;0.0;0.0;10
WAE;20200323;4.0;7.5;0.0;0.0;66
WAE;20200324;4.2;8.7;0.0;0.0;98
WAE;20200325;4.8;6.4;0.0;0.0;64
WAE;20200326;3.1;6.4;0.0;0.0;42
WAE;20200327;8.7;11.8;0.0;0.0;73
WAE;20200328;11.8;15.2;0.0;0.0;89
WAE;20200329;2.5;9.1;3.2;3.3;20
WAE;20200330;2.5;3.1;0.0;0.0;0
WAE;20200331;4.2;8.4;0.0;0.0;98
WAE;20200401;6.8;10.6;0.0;0.0;98
WAE;20200402;10.7;14.3;0.0;0.0;95
WAE;20200403;10.2;13.1;0.0;0.0;88
WAE;20200404;13.2;15.4;0.0;0.0;97
WAE;20200405;14.2;18.4;0.0;0.0;98
WAE;20200406;15.3;20.4;0.0;0.0;98
WAE;20200407;17.0;21.5;0.0;0.0;97
WAE;20200408;16.4;21.5;0.0;0.0;97
WAE;20200409;16.9;21.4;0.0;0.0;68
WAE;20200410;18.1;22.1;0.0;0.0;97
WAE;20200411;17.2;22.1;0.0;0.0;97
WAE;20200412;18.5;22.6;0.0;0.0;76
WAE;20200413;14.7;20.6;1.0;0.4;81
WAE;20200414;8.3;12.4;0.0;0.0;82
WAE;20200415;14.4;18.1;0.0;0.0;98
WAE;20200416;17.6;20.8;0.0;0.0;96
WAE;20200417;19.9;22.1;0.0;0.0;79
WAE;20200418;18.8;23.2;0.0;0.0;92
WAE;20200419;18.5;21.6;0.0;0.0;42
WAE;20200420;15.4;18.0;0.0;0.0;51
WAE;20200421;15.3;17.4;0.0;0.0;14
WAE;20200422;17.2;21.3;0.0;0.0;99
WAE;20200423;17.5;21.9;0.0;0.0;99
WAE;20200424;18.2;22.5;0.2;0.0;75
WAE;20200425;17.8;21.5;0.0;0.0;63
WAE;20200426;13.8;20.7;0.5;0.0;41
WAE;20200427;18.2;21.7;0.4;0.0;95
WAE;20200428;12.1;15.6;8.1;5.2;0
WAE;20200429;13.3;16.8;0.0;1.1;18
WAE;20200430;10.1;11.7;1.2;3.6;0
WAE;20200501;10.1;12.6;18.5;3.6;1
WAE;20200502;9.4;14.3;0.4;8.9;0
WAE;20200503;14.7;16.1;0.0;0.0;60
WAE;20200504;17.9;21.8;1.8;0.1;48
WAE;20200505;11.2;13.5;13.2;16.1;0
WAE;20200506;13.8;16.0;0.0;0.5;44
WAE;20200507;18.0;21.0;0.0;0.0;96
WAE;20200508;21.5;24.5;0.0;0.0;80
WAE;20200509;23.0;25.2;7.8;0.0;86
WAE;20200510;21.0;23.8;0.0;0.1;65
WAE;20200511;7.6;19.0;7.6;22.8;2
WAE;20200512;9.8;10.6;0.8;0.0;2
WAE;20200513;11.9;12.1;4.8;0.7;0
WAE;20200514;10.4;10.6;0.2;0.8;0
WAE;20200515;11.1;12.0;0.0;0.6;0
WAE;20200516;17.5;17.6;0.0;0.0;17
WAE;20200517;19.7;21.8;0.0;0.0;98
WAE;20200518;20.1;23.2;0.0;0.0;98
WAE;20200519;20.5;24.2;0.0;0.0;80
WAE;20200520;20.5;23.3;0.0;0.0;86
WAE;20200521;22.1;24.7;0.0;0.0;92
WAE;20200522;24.5;27.5;0.0;0.0;51
WAE;20200523;10.4;23.2;2.3;25.4;21
WAE;20200524;16.9;18.2;0.0;0.0;62
WAE;20200525;17.3;19.9;0.0;0.0;97
WAE;20200526;17.5;20.3;0.0;0.0;94
WAE;20200527;19.1;22.0;0.0;0.0;98
WAE;20200528;15.3;22.2;0.6;0.2;52
WAE;20200529;17.5;20.6;0.0;0.0;97
WAE;20200530;16.4;20.3;0.0;0.0;90
WAE;20200531;18.0;21.0;0.0;0.0;98
WAE;20200601;21.8;23.9;0.0;0.0;98
WAE;20200602;22.0;25.2;0.0;0.0;97
WAE;20200603;17.8;26.1;0.9;1.2;65
WAE;20200604;14.0;16.5;5.1;7.5;0
WAE;20200605;15.1;17.4;0.0;0.3;5
WAE;20200606;15.2;21.0;3.3;2.8;3
WAE;20200607;12.1;12.8;0.0;5.0;0
WAE;20200608;14.1;19.0;13.5;0.1;19
WAE;20200609;13.3;15.1;6.3;1.0;0
WAE;20200610;13.6;14.3;6.8;4.0;0
WAE;20200611;17.8;20.0;0.0;0.7;46
WAE;20200612;23.3;27.3;0.0;0.0;98
WAE;20200613;14.3;24.4;8.1;6.0;57
WAE;20200614;15.1;15.0;0.0;0.7;0
WAE;20200615;16.5;20.4;1.1;0.0;12
WAE;20200616;18.7;20.7;0.0;0.0;21
WAE;20200617;15.5;16.6;0.8;12.2;0
WAE;20200618;13.6;20.2;2.3;4.3;50
WAE;20200619;14.4;15.7;0.0;7.4;2
WAE;20200620;18.7;21.7;0.0;0.0;70
WAE;20200621;22.6;23.2;0.0;0.0;67
WAE;20200622;23.0;24.1;0.0;0.0;59
WAE;20200623;24.2;26.7;0.0;0.0;98
WAE;20200624;24.0;27.3;0.0;0.0;97
WAE;20200625;25.2;27.4;0.0;0.0;96
WAE;20200626;19.4;28.0;2.4;0.2;37
WAE;20200627;22.6;26.2;0.0;2.1;50
WAE;20200628;19.1;24.4;42.4;3.7;14
WAE;20200629;22.9;23.3;0.0;5.2;35
WAE;20200630;25.3;25.8;0.0;0.0;97
WAE;20200701;22.0;28.6;25.4;0.0;58
WAE;20200702;17.5;23.5;7.1;17.1;24
WAE;20200703;18.2;19.9;0.0;2.4;4
WAE;20200704;23.2;24.3;0.0;0.0;69
WAE;20200705;26.2;27.9;0.0;0.0;92
WAE;20200706;18.8;23.1;0.0;0.0;31
WAE;20200707;21.5;22.8;0.0;0.0;97
WAE;20200708;24.3;26.5;0.0;0.0;90
WAE;20200709;28.3;29.7;0.0;0.0;93
WAE;20200710;23.5;29.5;29.2;0.0;57
WAE;20200711;18.5;19.0;0.0;10.5;16
WAE;20200712;21.7;23.8;0.0;0.0;94
WAE;20200713;23.1;24.2;0.0;0.0;97
WAE;20200714;23.4;25.5;0.0;0.0;85
WAE;20200715;16.0;20.9;21.0;2.1;0
WAE;20200716;15.5;17.9;11.7;0.4;0
WAE;20200717;18.3;19.1;0.0;6.0;1
WAE;20200718;21.6;23.6;0.0;0.0;85
WAE;20200719;24.6;26.3;0.0;0.0;95
WAE;20200720;26.9;28.8;0.1;0.0;96
WAE;20200721;24.5;26.4;1.0;0.1;24
WAE;20200722;24.7;26.1;0.0;0.1;32
WAE;20200723;25.2;27.3;0.0;0.0;65
WAE;20200724;19.6;23.1;0.0;1.9;18
WAE;20200725;24.0;26.8;0.4;0.0;87
WAE;20200726;23.6;27.0;0.0;0.0;39
WAE;20200727;27.2;29.3;0.0;0.0;98
WAE;20200728;24.3;31.3;2.9;0.0;63
WAE;20200729;25.4;27.5;0.0;0.0;68
WAE;20200730;27.9;30.0;0.0;0.0;95
WAE;20200731;29.9;33.1;0.0;0.0;93
WAE;20200801;25.4;31.1;0.0;0.2;69
WAE;20200802;19.1;24.3;8.7;1.3;3
WAE;20200803;13.8;18.4;24.2;28.1;0
WAE;20200804;15.5;17.2;0.0;3.5;6
WAE;20200805;20.4;22.5;0.0;0.0;98
WAE;20200806;23.6;26.1;0.0;0.0;100
WAE;20200807;26.1;28.8;0.0;0.0;100
WAE;20200808;25.9;28.9;0.0;0.0;100
WAE;20200809;25.9;29.4;0.0;0.0;100
WAE;20200810;24.6;29.9;0.0;0.0;75
WAE;20200811;26.5;30.6;0.0;0.0;95
WAE;20200812;25.6;30.6;0.2;0.0;72
WAE;20200813;20.1;26.1;0.2;2.3;38
WAE;20200814;21.6;23.6;0.0;0.0;9
WAE;20200815;24.2;27.1;0.0;0.0;96
WAE;20200816;24.9;28.5;9.4;0.0;79
WAE;20200817;21.1;24.2;2.8;1.9;42
WAE;20200818;19.2;24.0;0.7;0.0;50
WAE;20200819;22.0;25.6;0.0;0.0;62
WAE;20200820;27.4;30.9;0.0;0.0;73
WAE;20200821;27.3;32.0;0.0;0.0;99
WAE;20200822;21.0;21.6;0.0;3.8;11
WAE;20200823;20.5;22.7;0.0;0.0;17
WAE;20200824;18.8;22.6;0.0;0.0;63
WAE;20200825;22.5;24.6;0.0;0.0;66
WAE;20200826;21.2;27.7;0.0;0.0;76
WAE;20200827;21.2;24.4;0.0;0.0;60
WAE;20200828;16.9;25.1;4.5;3.7;34
WAE;20200829;13.9;15.2;20.2;10.9;0
WAE;20200830;11.9;13.4;0.4;54.7;1
WAE;20200831;12.9;18.7;10.5;9.1;22
WAE;20200901;15.1;18.4;0.0;0.2;36
WAE;20200902;16.2;20.0;0.0;0.0;61
WAE;20200903;18.0;22.2;0.0;0.0;87
WAE;20200904;21.7;25.9;0.0;0.0;97
WAE;20200905;21.9;26.9;4.4;0.0;71
WAE;20200906;13.7;16.6;6.2;5.9;0
WAE;20200907;16.5;18.7;0.0;0.0;26
WAE;20200908;17.1;22.0;0.0;0.0;97
WAE;20200909;19.9;24.2;0.0;0.0;92
WAE;20200910;19.8;23.9;0.0;0.0;90
WAE;20200911;19.7;24.1;0.0;0.0;77
WAE;20200912;20.8;25.1;0.0;0.0;89
WAE;20200913;21.2;25.9;0.0;0.0;87
WAE;20200914;21.5;27.0;0.0;0.0;96
WAE;20200915;22.5;27.5;0.0;0.0;96
WAE;20200916;21.2;26.9;0.0;0.0;59
WAE;20200917;20.7;24.9;0.0;0.0;93
WAE;20200918;18.7;22.5;0.0;0.0;55
WAE;20200919;19.1;21.8;0.0;0.1;17
WAE;20200920;19.0;23.6;0.0;0.0;68
WAE;20200921;19.6;22.5;0.0;0.0;54
WAE;20200922;18.6;21.3;3.0;0.0;8
WAE;20200923;16.5;20.3;0.0;0.0;17
WAE;20200924;14.8;20.1;12.8;0.7;25
WAE;20200925;8.7;10.3;4.1;8.0;0
WAE;20200926;8.3;10.1;4.2;1.0;0
WAE;20200927;9.9;12.9;0.0;0.0;12
WAE;20200928;12.6;14.7;2.6;0.0;56
WAE;20200929;11.9;12.8;0.0;2.6;0
WAE;20200930;13.2;15.8;0.0;0.2;61
WAE;20201001;13.6;16.9;1.1;0.1;23
WAE;20201002;19.4;19.9;6.0;0.0;4
WAE;20201003;9.9;13.6;0.3;17.4;45
WAE;20201004;12.1;16.8;1.6;0.0;58
WAE;20201005;11.1;13.1;1.1;0.0;10
WAE;20201006;13.7;14.7;1.9;0.5;11
WAE;20201007;11.3;13.3;0.0;10.4;8
WAE;20201008;13.2;16.5;0.0;0.0;68
WAE;20201009;14.1;16.8;1.3;0.0;48
WAE;20201010;9.0;11.8;2.6;11.2;0
WAE;20201011;6.7;9.8;1.2;2.1;16
WAE;20201012;7.2;8.8;0.0;0.0;5
WAE;20201013;7.3;11.2;0.0;0.0;69
WAE;20201014;8.9;10.9;0.0;0.0;51
WAE;20201015;7.0;7.5;1.3;0.0;0
WAE;20201016;8.1;8.7;4.1;0.4;0
WAE;20201017;8.3;9.8;0.0;0.1;9
WAE;20201018;8.9;10.9;0.0;0.0;0
WAE;20201019;8.3;11.9;0.0;0.0;77
WAE;20201020;11.5;14.7;0.0;0.0;34
WAE;20201021;14.9;15.8;0.0;0.0;14
WAE;20201022;14.2;18.5;1.7;0.0;34
WAE;20201023;13.2;13.9;6.7;7.1;0
WAE;20201024;9.5;15.2;0.0;0.0;49
WAE;20201025;11.9;14.5;2.5;0.0;87
WAE;20201026;5.6;7.3;0.4;22.0;0
WAE;20201027;7.8;11.1;0.3;0.0;63
WAE;20201028;11.5;13.0;4.8;0.7;6
WAE;20201029;11.2;12.7;0.1;2.8;0
WAE;20201030;11.0;15.5;0.0;0.0;79
WAE;20201031;9.9;12.6;0.0;0.0;41
WAE;20201101;16.4;13.4;0.0;0.2;0
WAE;20201102;17.5;21.5;0.0;0.0;87
WAE;20201103;9.4;13.9;5.0;2.6;0
WAE;20201104;7.6;8.0;0.0;0.1;0
WAE;20201105;9.3;9.6;0.0;0.0;0
WAE;20201106;7.8;10.0;0.0;0.0;24
WAE;20201107;7.5;10.4;0.0;0.0;56
WAE;20201108;7.3;10.1;0.0;0.0;36
WAE;20201109;7.8;11.4;0.0;0.0;43
WAE;20201110;7.4;8.1;0.0;0.0;0
WAE;20201111;7.3;7.9;0.0;0.0;0
WAE;20201112;8.3;13.8;0.0;0.0;68
WAE;20201113;8.6;13.1;0.0;0.0;80
WAE;20201114;8.3;13.4;0.0;0.0;98
WAE;20201115;11.4;13.7;8.6;0.0;97
WAE;20201116;9.2;11.8;0.0;0.0;16
WAE;20201117;7.9;11.4;0.0;0.0;92
WAE;20201118;9.6;10.9;0.0;0.0;87
WAE;20201119;6.5;10.0;3.1;8.7;0
WAE;20201120;4.9;6.8;0.0;0.6;4
WAE;20201121;1.8;4.6;0.0;0.0;76
WAE;20201122;3.2;4.5;0.0;0.0;40
WAE;20201123;4.3;8.1;0.0;0.0;66
WAE;20201124;2.6;3.4;0.0;0.0;0
WAE;20201125;2.4;3.1;0.0;0.0;0
WAE;20201126;1.9;2.3;0.0;0.0;0
WAE;20201127;1.9;2.4;0.0;0.0;0
WAE;20201128;2.0;1.7;0.0;0.0;0
WAE;20201129;1.3;2.1;0.0;0.0;0
WAE;20201130;0.8;1.6;2.0;0.0;0
WAE;20201201;1.9;1.6;0.0;11.1;0
WAE;20201202;0.9;1.8;0.0;0.0;0
WAE;20201203;0.9;3.7;0.0;0.0;69
WAE;20201204;2.0;3.0;6.4;0.0;3
WAE;20201205;2.8;3.1;10.1;0.0;0
WAE;20201206;1.6;2.9;8.2;2.8;0
WAE;20201207;2.8;3.4;0.0;0.1;0
WAE;20201208;2.0;1.1;1.0;0.0;0
WAE;20201209;0.7;1.9;0.0;3.9;0
WAE;20201210;0.9;1.6;0.0;0.0;0
WAE;20201211;2.8;1.2;0.3;0.0;0
WAE;20201212;4.4;5.4;5.7;1.2;0
WAE;20201213;4.2;5.4;0.0;0.3;2
WAE;20201214;4.1;6.2;0.0;0.0;64
WAE;20201215;6.7;7.3;0.0;0.0;1
WAE;20201216;3.8;4.9;0.0;0.0;1
WAE;20201217;4.1;6.9;0.0;0.0;54
WAE;20201218;3.1;6.0;0.0;0.0;72
WAE;20201219;2.3;2.3;0.0;0.0;0
WAE;20201220;5.1;2.9;0.0;0.0;0
WAE;20201221;6.7;6.9;9.2;0.5;0
WAE;20201222;8.4;10.9;0.0;3.8;33
WAE;20201223;10.5;11.1;33.2;0.0;3
WAE;20201224;5.8;9.6;8.6;0.9;26
WAE;20201225;1.4;2.2;0.1;1.6;0
WAE;20201226;-2.6;1.4;0.0;0.0;87
WAE;20201227;2.8;-0.6;0.0;0.0;0
WAE;20201228;1.3;2.9;0.0;3.5;0
WAE;20201229;3.0;4.8;0.0;0.5;18
WAE;20201230;1.9;3.0;0.6;0.7;2
WAE;20201231;1.9;2.4;0.0;0.0;0
WAE;20210101;2.1;3.2;0.0;0.0;0
WAE;20210102;1.4;2.7;0.1;0.0;0
WAE;20210103;1.0;0.9;0.0;0.0;0
WAE;20210104;0.3;1.1;0.0;0.0;0
WAE;20210105;-0.4;0.0;0.5;0.0;0
WAE;20210106;0.0;0.0;0.3;0.4;0
WAE;20210107;0.2;1.0;1.4;0.0;9
WAE;20210108;-1.8;1.3;0.0;0.0;14
WAE;20210109;-0.7;-0.3;0.0;0.0;90
WAE;20210110;-2.3;-1.2;0.0;0.0;86
WAE;20210111;-1.1;-2.2;0.0;0.0;63
WAE;20210112;2.5;1.7;10.9;8.9;0
WAE;20210113;4.6;4.6;60.1;0.8;0
WAE;20210114;0.1;4.2;17.0;39.7;0
WAE;20210115;-2.3;-0.9;0.0;6.9;0
WAE;20210116;1.1;-2.4;2.1;0.0;14
WAE;20210117;2.0;2.2;0.2;5.1;0
WAE;20210118;-0.1;2.7;0.0;0.0;0
WAE;20210119;1.4;2.2;0.0;0.0;45
WAE;20210120;9.7;6.4;0.0;0.0;15
WAE;20210121;8.1;9.2;1.2;0.0;25
WAE;20210122;5.4;8.5;17.0;0.0;34
WAE;20210123;3.8;3.2;1.7;0.1;10
WAE;20210124;1.0;2.7;1.0;0.0;69
WAE;20210125;0.3;1.4;0.3;4.7;5
WAE;20210126;0.3;1.9;0.0;0.0;19
WAE;20210127;1.2;-0.2;6.5;7.3;0
WAE;20210128;9.9;10.1;6.2;13.3;0
WAE;20210129;6.8;9.1;8.7;14.2;3
WAE;20210130;4.3;5.4;3.4;10.4;0
WAE;20210131;5.3;5.6;1.0;1.7;0
WAE;20210201;7.3;6.0;2.3;7.8;0
WAE;20210202;8.2;8.8;2.0;0.4;0
WAE;20210203;11.0;9.3;0.0;18.3;0
WAE;20210204;6.8;8.6;0.0;0.0;3
WAE;20210205;8.8;12.0;0.0;0.0;64
WAE;20210206;6.2;7.3;0.0;0.0;0
WAE;20210207;2.7;7.8;0.8;7.0;0
WAE;20210208;1.4;6.6;3.4;0.0;44
WAE;20210209;0.7;0.9;0.6;1.3;0
WAE;20210210;-2.2;2.6;2.7;3.5;0
WAE;20210211;-5.0;-5.1;0.0;0.1;0
WAE;20210212;-5.0;-4.7;0.0;0.0;0
WAE;20210213;-5.5;-4.7;0.0;0.0;10
WAE;20210214;-4.3;-2.5;0.0;0.0;66
WAE;20210215;3.5;2.6;1.3;0.0;10
WAE;20210216;7.4;8.9;6.4;0.2;22
WAE;20210217;7.2;11.0;0.0;0.0;63
WAE;20210218;8.2;9.8;0.0;0.0;45
WAE;20210219;9.0;13.2;0.0;0.0;60
WAE;20210220;8.6;13.8;0.0;0.0;98
WAE;20210221;8.8;13.9;0.0;0.0;100
WAE;20210222;10.8;15.7;0.0;0.0;64
WAE;20210223;10.9;14.7;0.0;0.0;84
WAE;20210224;11.6;15.3;0.0;0.0;86
WAE;20210225;12.2;16.4;0.0;0.0;97
WAE;20210226;12.3;14.8;0.0;0.0;55
WAE;20210227;5.5;5.9;0.0;0.0;0
WAE;20210228;3.5;6.5;0.0;0.0;26
WAE;20210301;6.6;10.1;0.0;0.0;68
WAE;20210302;9.3;13.2;0.0;0.0;98
WAE;20210303;7.3;9.1;0.0;0.0;0
WAE;20210304;9.4;12.9;4.5;0.0;28
WAE;20210305;3.7;6.2;0.0;1.6;0
WAE;20210306;3.8;5.0;0.0;0.0;0
WAE;20210307;6.3;7.2;0.7;0.0;16
WAE;20210308;5.5;9.3;0.0;0.0;46
WAE;20210309;4.7;7.0;0.0;0.0;14
WAE;20210310;9.1;9.6;0.0;0.0;78
WAE;20210311;10.6;16.1;3.4;0.0;7
WAE;20210312;7.7;11.1;0.0;0.0;65
WAE;20210313;8.0;13.0;17.5;0.0;47
WAE;20210314;3.4;4.8;6.2;6.2;13
WAE;20210315;3.2;4.8;0.0;12.2;0
WAE;20210316;3.7;4.5;3.2;2.4;6
WAE;20210317;2.0;4.0;1.6;5.7;5
WAE;20210318;1.0;5.2;0.0;0.0;48
WAE;20210319;2.4;6.7;0.3;0.0;78
WAE;20210320;0.9;3.8;0.0;0.0;38
WAE;20210321;2.3;3.2;0.0;0.0;0
WAE;20210322;4.1;5.5;0.0;0.0;1
WAE;20210323;6.5;10.1;0.0;0.0;76
WAE;20210324;9.1;13.9;0.0;0.0;98
WAE;20210325;12.5;16.1;0.0;0.0;87
WAE;20210326;12.6;16.3;7.3;0.0;81
WAE;20210327;8.2;10.1;0.0;1.3;0
WAE;20210328;11.3;14.3;0.0;0.0;96
WAE;20210329;14.1;19.3;0.0;0.0;97
WAE;20210330;15.7;20.4;0.0;0.0;96
WAE;20210331;16.8;21.9;0.0;0.0;97
WAE;20210401;17.7;22.3;0.0;0.0;96
WAE;20210402;13.8;19.5;0.0;0.0;69
WAE;20210403;7.2;10.9;0.0;0.0;24
WAE;20210404;9.1;12.8;0.0;0.0;99
WAE;20210405;10.3;16.6;7.3;0.0;37
WAE;20210406;0.4;3.8;2.8;0.3;37
WAE;20210407;2.5;3.2;0.0;0.0;18
WAE;20210408;6.5;9.3;0.0;0.0;97
WAE;20210409;13.1;15.9;0.0;0.0;67
WAE;20210410;13.8;16.5;0.0;0.0;45
WAE;20210411;11.8;19.7;7.3;0.0;58
WAE;20210412;3.3;4.6;0.0;7.4;3
WAE;20210413;3.3;6.9;0.0;0.2;40
WAE;20210414;5.4;8.6;0.0;0.0;50
WAE;20210415;5.5;8.4;0.0;0.0;43
WAE;20210416;6.9;10.5;0.0;0.0;77
WAE;20210417;7.2;9.9;0.0;0.0;48
WAE;20210418;7.8;9.7;0.0;0.0;14
WAE;20210419;10.1;13.3;0.0;0.0;50
WAE;20210420;12.1;16.0;0.0;0.0;91
WAE;20210421;13.0;17.4;4.2;0.4;78
WAE;20210422;11.6;16.3;0.0;0.0;77
WAE;20210423;13.8;18.0;0.0;0.0;99
WAE;20210424;16.0;20.3;0.0;0.0;98
WAE;20210425;15.1;19.0;0.0;0.0;93
WAE;20210426;13.8;17.5;0.0;0.0;67
WAE;20210427;15.9;18.4;0.0;0.0;84
WAE;20210428;15.3;19.4;3.6;0.1;27
WAE;20210429;10.9;14.4;1.5;3.2;0
WAE;20210430;7.3;15.9;5.9;0.2;38
WAE;20210501;7.4;8.6;13.4;5.8;0
WAE;20210502;6.4;9.5;1.1;4.4;9
WAE;20210503;11.9;13.9;0.0;0.0;90
WAE;20210504;16.0;17.5;4.9;0.0;36
WAE;20210505;8.8;11.8;0.0;7.2;7
WAE;20210506;12.0;10.6;2.8;12.2;1
WAE;20210507;8.7;13.2;0.0;4.0;27
WAE;20210508;17.6;19.4;0.0;0.0;84
WAE;20210509;22.2;27.1;0.0;0.0;96
WAE;20210510;15.3;22.9;0.0;0.0;27
WAE;20210511;10.6;16.5;5.7;2.7;3
WAE;20210512;12.0;15.6;0.0;0.6;12
WAE;20210513;11.4;13.5;0.0;3.4;7
WAE;20210514;11.2;18.0;0.0;0.0;77
WAE;20210515;9.1;14.2;6.9;5.5;21
WAE;20210516;11.4;12.2;4.9;7.0;3
WAE;20210517;12.9;16.1;2.8;0.4;32
WAE;20210518;13.1;14.8;7.2;3.6;28
WAE;20210519;8.0;13.3;3.4;6.2;11
WAE;20210520;13.2;14.9;0.1;0.3;37
WAE;20210521;9.9;12.3;18.4;8.1;0
WAE;20210522;14.6;17.4;11.5;0.0;49
WAE;20210523;14.7;16.1;0.0;0.0;52
WAE;20210524;12.6;14.5;0.5;0.7;0
WAE;20210525;13.7;15.8;0.0;0.4;62
WAE;20210526;12.4;16.8;9.2;0.0;12
WAE;20210527;12.4;13.4;0.0;2.9;17
WAE;20210528;18.3;20.4;0.0;0.0;98
WAE;20210529;17.4;19.1;0.0;0.0;43
WAE;20210530;16.4;20.7;0.0;0.0;98
WAE;20210531;19.3;21.7;0.0;0.0;98
WAE;20210601;20.8;24.4;0.0;0.0;98
WAE;20210602;18.4;25.1;0.0;0.0;50
WAE;20210603;24.1;25.5;0.0;0.0;53
WAE;20210604;23.2;24.0;7.2;0.0;31
WAE;20210605;15.3;18.0;1.9;7.4;12
WAE;20210606;15.9;17.8;7.2;0.8;0
WAE;20210607;15.3;21.1;4.2;4.6;13
WAE;20210608;17.5;21.8;7.7;0.1;17
WAE;20210609;18.3;23.6;0.0;0.0;24
WAE;20210610;23.2;25.4;0.0;0.0;94
WAE;20210611;23.5;25.9;0.0;0.0;97
WAE;20210612;24.9;27.5;0.0;0.0;81
WAE;20210613;23.1;25.0;0.1;0.0;81
WAE;20210614;25.0;27.0;0.0;0.0;99
WAE;20210615;27.1;28.9;0.0;0.0;96
WAE;20210616;27.7;30.0;0.0;0.0;83
WAE;20210617;28.3;30.5;0.0;0.0;94
WAE;20210618;27.0;31.2;62.6;0.0;75
WAE;20210619;27.6;30.0;0.0;0.0;65
WAE;20210620;20.5;27.2;0.0;0.1;18
WAE;20210621;17.5;26.0;2.2;21.4;56
WAE;20210622;19.0;19.9;2.4;2.4;2
WAE;20210623;20.1;23.9;0.3;0.0;38
WAE;20210624;15.0;21.6;7.1;5.0;27
WAE;20210625;18.5;19.7;0.0;0.5;8
WAE;20210626;23.2;24.3;0.0;0.0;91
WAE;20210627;24.5;27.4;1.7;0.0;63
WAE;20210628;18.3;27.4;22.0;0.2;61
WAE;20210629;15.9;22.5;26.8;7.1;32
WAE;20210630;15.8;20.6;5.7;1.3;27
WAE;20210701;16.4;17.9;0.2;9.9;5
WAE;20210702;21.3;23.3;0.0;0.0;57
WAE;20210703;17.8;23.7;3.5;3.1;30
WAE;20210704;15.6;20.8;0.0;7.6;1
WAE;20210705;21.6;22.2;0.0;0.0;20
WAE;20210706;17.1;24.4;6.5;11.5;41
WAE;20210707;17.7;18.0;9.5;4.6;0
WAE;20210708;14.3;19.0;21.9;25.1;3
WAE;20210709;20.0;22.1;0.0;0.0;52
WAE;20210710;23.4;25.2;26.3;0.0;87
WAE;20210711;21.7;23.2;0.0;0.0;63
WAE;20210712;24.2;25.8;17.9;0.0;48
WAE;20210713;13.1;14.4;9.0;37.6;0
WAE;20210714;15.5;19.1;24.2;9.9;6
WAE;20210715;16.4;18.3;11.2;10.3;0
WAE;20210716;18.9;21.1;4.8;3.8;25
WAE;20210717;19.8;22.5;7.9;5.7;12
WAE;20210718;21.4;23.4;0.0;0.0;41
WAE;20210719;24.1;26.8;0.0;0.0;85
WAE;20210720;24.2;26.1;0.0;0.0;93
WAE;20210721;25.1;27.1;0.0;0.0;94
WAE;20210722;25.2;28.0;0.0;0.0;93
WAE;20210723;26.0;28.7;0.0;0.0;89
WAE;20210724;18.5;26.4;3.0;31.4;22
WAE;20210725;18.7;20.8;3.9;10.6;6
WAE;20210726;18.2;23.4;0.0;1.2;23
WAE;20210727;19.6;24.6;1.4;0.0;38
WAE;20210728;19.2;20.6;0.0;6.2;12
WAE;20210729;23.2;24.5;0.0;0.0;65
WAE;20210730;19.0;26.0;5.8;8.0;48
WAE;20210731;20.2;21.1;52.9;0.2;5
WAE;20210801;15.1;17.3;0.0;4.6;0
WAE;20210802;19.4;20.9;0.0;0.0;36
WAE;20210803;14.9;21.0;3.3;9.0;21
WAE;20210804;15.2;15.9;3.4;0.8;0
WAE;20210805;17.0;19.5;0.0;4.7;23
WAE;20210806;20.4;23.0;0.0;0.0;44
WAE;20210807;15.5;20.3;0.1;13.2;6
WAE;20210808;17.0;18.2;0.0;4.3;4
WAE;20210809;20.0;22.4;0.0;0.0;54
WAE;20210810;23.8;27.4;0.0;0.0;88
WAE;20210811;25.1;27.7;0.0;0.0;92
WAE;20210812;26.2;30.0;0.0;0.0;91
WAE;20210813;25.9;29.3;0.0;0.0;68
WAE;20210814;27.4;30.2;0.0;0.0;88
WAE;20210815;26.2;29.3;17.4;0.0;61
WAE;20210816;17.3;19.1;3.5;32.5;6
WAE;20210817;17.7;19.7;0.2;0.0;27
WAE;20210818;19.6;21.4;0.0;0.0;40
WAE;20210819;19.9;21.4;0.0;0.0;5
WAE;20210820;21.8;24.5;0.0;0.0;90
WAE;20210821;23.9;27.1;2.2;0.0;90
WAE;20210822;16.4;23.0;1.7;18.0;6
WAE;20210823;19.6;21.5;0.0;0.0;48
WAE;20210824;17.4;18.0;0.0;0.0;2
WAE;20210825;16.4;18.5;0.0;0.0;0
WAE;20210826;16.6;21.5;0.0;0.0;32
WAE;20210827;16.7;19.6;3.8;0.0;48
WAE;20210828;12.7;17.4;7.0;7.4;10
WAE;20210829;14.4;16.8;0.8;0.5;0
WAE;20210830;14.5;17.1;5.3;6.5;4
WAE;20210831;16.3;19.4;0.0;0.0;13
WAE;20210901;17.0;21.7;0.0;0.0;95
WAE;20210902;19.1;22.6;0.0;0.0;91
WAE;20210903;19.5;24.0;0.0;0.0;89
WAE;20210904;19.9;24.9;0.0;0.0;96
WAE;20210905;22.5;25.5;0.0;0.0;97
WAE;20210906;21.6;24.9;0.0;0.0;96
WAE;20210907;20.1;24.3;0.0;0.0;86
WAE;20210908;23.1;25.8;6.1;0.0;94
WAE;20210909;18.6;23.5;0.0;0.0;40
WAE;20210910;16.8;21.8;1.5;1.8;7
WAE;20210911;18.4;22.5;0.0;0.1;65
WAE;20210912;18.0;21.8;0.0;0.0;31
WAE;20210913;20.4;24.5;0.0;0.0;89
WAE;20210914;21.7;25.6;0.0;0.0;56
WAE;20210915;18.9;22.2;0.1;2.0;6
WAE;20210916;17.2;20.8;1.4;5.0;9
WAE;20210917;16.6;20.2;0.0;0.0;42
WAE;20210918;17.4;21.3;0.0;0.0;74
WAE;20210919;11.6;13.4;2.6;10.8;0
WAE;20210920;14.2;15.4;0.0;0.0;2
WAE;20210921;15.6;18.5;0.0;0.0;71
WAE;20210922;14.2;17.0;0.0;0.0;19
WAE;20210923;15.8;18.7;0.0;0.0;52
WAE;20210924;16.8;21.4;0.0;0.0;95
WAE;20210925;19.5;22.6;0.0;0.0;68
WAE;20210926;16.9;20.0;0.0;0.0;12
WAE;20210927;17.6;21.2;0.3;0.0;56
WAE;20210928;15.3;16.4;2.5;0.0;0
WAE;20210929;12.8;19.2;2.1;0.9;42
WAE;20210930;11.2;16.2;0.0;0.0;84
WAE;20211001;14.2;19.4;0.4;0.0;84
WAE;20211002;17.8;21.5;0.0;0.0;73
WAE;20211003;16.9;24.3;0.4;0.0;18
WAE;20211004;12.9;13.1;3.5;1.4;0
WAE;20211005;13.1;13.9;1.1;3.7;4
WAE;20211006;10.3;13.7;3.3;0.7;32
WAE;20211007;11.3;13.7;0.0;0.0;12
WAE;20211008;13.3;14.5;0.0;0.0;13
WAE;20211009;9.9;12.1;0.0;0.0;2
WAE;20211010;7.4;11.3;0.0;0.0;33
WAE;20211011;9.1;12.1;0.0;0.0;80
WAE;20211012;9.2;11.4;10.1;0.4;0
WAE;20211013;6.0;11.1;0.0;0.0;41
WAE;20211014;7.6;12.4;0.0;0.0;95
WAE;20211015;10.1;14.9;0.0;0.0;88
WAE;20211016;8.8;13.2;0.0;0.0;64
WAE;20211017;9.1;13.5;0.0;0.0;80
WAE;20211018;10.4;15.9;0.0;0.0;94
WAE;20211019;13.0;15.9;0.0;0.0;2
WAE;20211020;15.4;18.4;8.7;0.0;59
WAE;20211021;12.3;15.9;0.0;0.0;64
WAE;20211022;8.0;10.8;0.0;2.3;0
WAE;20211023;6.4;12.1;0.0;0.0;83
WAE;20211024;8.3;12.4;0.0;0.0;97
WAE;20211025;8.6;13.8;0.1;0.0;41
WAE;20211026;10.3;12.9;0.0;0.1;13
WAE;20211027;7.1;11.5;0.0;0.0;64
WAE;20211028;7.9;12.4;0.0;0.0;93
WAE;20211029;7.6;10.6;0.0;0.0;31
WAE;20211030;11.4;10.4;0.0;0.0;1
WAE;20211031;12.7;16.9;0.0;0.0;90
WAE;20211101;8.5;9.9;0.3;7.4;0
WAE;20211102;5.6;10.5;0.0;3.8;34
WAE;20211103;6.9;8.6;1.2;2.0;12
WAE;20211104;5.4;8.1;0.0;3.4;3
WAE;20211105;4.9;8.6;0.0;0.0;31
WAE;20211106;3.1;7.7;0.0;0.0;89
WAE;20211107;7.5;8.2;2.5;0.0;90
WAE;20211108;7.3;8.4;0.0;0.0;0
WAE;20211109;4.7;7.7;0.0;0.0;69
WAE;20211110;5.2;6.7;0.0;0.0;0
WAE;20211111;6.3;7.6;0.0;0.0;34
WAE;20211112;5.3;5.9;0.0;0.0;0
WAE;20211113;7.6;7.6;3.2;2.3;0
WAE;20211114;7.7;8.9;0.0;1.6;0
WAE;20211115;6.5;7.3;0.0;0.0;0
WAE;20211116;5.5;6.0;0.0;0.0;0
WAE;20211117;4.8;5.0;0.0;0.1;0
WAE;20211118;6.5;7.7;0.0;0.0;44
WAE;20211119;4.4;4.9;0.0;0.0;0
WAE;20211120;3.3;3.9;0.0;0.0;0
WAE;20211121;5.2;5.0;0.3;0.0;56
WAE;20211122;5.6;5.4;0.0;0.6;0
WAE;20211123;4.3;4.8;0.0;0.0;0
WAE;20211124;3.7;4.0;0.0;0.0;0
WAE;20211125;3.2;3.3;1.1;0.0;0
WAE;20211126;1.8;2.3;0.3;0.7;0
WAE;20211127;2.4;3.9;0.1;0.6;5
WAE;20211128;1.2;3.2;4.3;1.5;0
WAE;20211129;0.2;0.9;0.9;0.9;9
WAE;20211130;3.8;1.7;2.6;2.4;0
WAE;20211201;6.7;6.4;1.1;3.5;23
WAE;20211202;1.0;5.2;0.1;7.4;0
WAE;20211203;0.9;1.9;8.9;0.0;77
WAE;20211204;7.6;7.3;5.6;8.7;0
WAE;20211205;2.5;4.9;0.0;0.0;9
WAE;20211206;1.9;3.0;2.8;0.0;1
WAE;20211207;2.6;4.3;1.2;0.0;81
WAE;20211208;1.5;1.8;12.7;21.3;0
WAE;20211209;1.4;2.9;0.0;0.4;11
WAE;20211210;3.3;3.0;0.0;10.7;0
WAE;20211211;2.6;3.3;0.1;0.6;0
WAE;20211212;2.8;2.9;0.0;0.0;32
WAE;20211213;1.7;5.0;0.0;0.0;81
WAE;20211214;2.3;3.1;0.0;0.0;8
WAE;20211215;1.4;1.5;0.0;0.0;0
WAE;20211216;2.1;2.3;0.0;0.0;0
WAE;20211217;1.4;2.1;0.0;0.0;2
WAE;20211218;1.1;2.8;0.0;0.0;77
WAE;20211219;-1.0;0.0;0.0;0.0;0
WAE;20211220;-0.4;0.7;0.0;0.0;31
WAE;20211221;-1.0;-0.7;0.0;0.0;0
WAE;20211222;-2.2;-2.2;0.0;0.0;0
WAE;20211223;4.4;5.2;0.0;0.0;54
WAE;20211224;5.6;6.3;1.3;0.9;0
WAE;20211225;5.6;6.0;8.4;8.4;0
WAE;20211226;5.5;7.1;0.1;3.8;5
WAE;20211227;5.8;6.2;1.3;1.5;21
WAE;20211228;9.4;11.7;0.9;2.5;0
WAE;20211229;11.3;8.7;7.8;11.2;0
WAE;20211230;10.7;11.6;0.0;0.1;1
WAE;20211231;7.5;12.1;0.0;0.0;99
WAE;20220101;5.6;8.8;0.0;0.0;98
WAE;20220102;13.1;12.0;0.0;0.0;30
WAE;20220103;10.1;12.1;0.6;0.0;4
WAE;20220104;11.7;14.5;18.2;0.1;12
WAE;20220105;0.6;3.3;0.0;2.9;14
WAE;20220106;0.6;1.1;0.0;0.4;0
WAE;20220107;2.1;1.7;1.4;0.4;22
WAE;20220108;5.0;3.7;3.6;0.1;1
WAE;20220109;1.5;3.6;6.1;3.4;22
WAE;20220110;1.7;2.5;0.0;0.7;2
WAE;20220111;0.8;3.0;0.0;0.0;49
WAE;20220112;-2.2;0.0;0.0;0.0;76
WAE;20220113;-2.3;-0.5;0.0;0.0;62
WAE;20220114;0.2;2.3;0.0;0.0;100
WAE;20220115;-1.8;0.3;0.0;0.0;4
WAE;20220116;1.7;1.9;0.0;0.0;75
WAE;20220117;3.8;5.3;0.0;0.0;75
WAE;20220118;1.0;4.7;0.0;0.0;68
WAE;20220119;2.7;3.3;0.1;0.0;67
WAE;20220120;2.3;2.7;0.1;0.0;0
WAE;20220121;-0.7;2.9;0.0;0.0;57
WAE;20220122;0.0;2.5;0.0;0.0;16
WAE;20220123;0.4;4.0;0.0;0.0;100
WAE;20220124;0.6;0.9;0.0;0.0;23
WAE;20220125;-0.3;2.0;0.0;0.0;48
WAE;20220126;0.6;4.2;0.0;0.0;69
WAE;20220127;1.9;3.4;3.7;0.0;75
WAE;20220128;2.8;5.0;0.0;0.0;65
WAE;20220129;6.5;8.0;0.2;0.0;63
WAE;20220130;4.9;8.2;0.0;0.1;9
WAE;20220131;2.7;5.4;2.1;8.0;0
WAE;20220201;5.0;2.6;12.3;2.8;0
WAE;20220202;7.0;6.6;0.0;6.6;0
WAE;20220203;6.2;8.3;0.0;0.0;23
WAE;20220204;7.0;7.4;3.6;0.0;79
WAE;20220205;3.4;6.4;0.0;0.0;85
WAE;20220206;8.3;6.8;7.1;0.1;26
WAE;20220207;2.2;6.1;0.0;0.0;54
WAE;20220208;4.2;8.0;0.0;0.0;92
WAE;20220209;5.6;10.4;0.0;0.0;100
WAE;20220210;8.4;13.1;11.0;0.0;100
WAE;20220211;1.6;5.5;0.0;8.9;55
WAE;20220212;1.3;3.7;0.0;0.0;91
WAE;20220213;3.2;8.7;0.0;0.0;100
WAE;20220214;6.5;9.9;4.5;0.0;19
WAE;20220215;4.5;7.6;0.0;1.9;11
WAE;20220216;12.5;4.5;2.0;3.7;0
WAE;20220217;10.5;14.4;0.0;0.1;3
WAE;20220218;15.5;15.0;21.4;0.0;12
WAE;20220219;5.7;6.7;0.0;1.3;4
WAE;20220220;10.8;11.3;0.2;0.0;41
WAE;20220221;4.5;8.4;10.4;6.9;3
WAE;20220222;7.6;8.8;1.1;1.0;19
WAE;20220223;7.3;11.3;0.0;0.4;66
WAE;20220224;10.0;11.5;2.6;0.0;44
WAE;20220225;4.6;6.7;3.1;0.0;29
WAE;20220226;3.0;6.7;0.0;0.0;80
WAE;20220227;3.7;6.4;0.0;0.0;100
WAE;20220228;4.3;7.6;0.0;0.0;99
WAE;20220301;4.0;7.6;0.0;0.0;94
WAE;20220302;7.1;9.2;0.0;0.0;58
WAE;20220303;7.0;11.7;0.0;0.0;97
WAE;20220304;4.1;8.7;0.0;0.0;98
WAE;20220305;3.0;6.8;0.0;0.0;98
WAE;20220306;2.6;5.2;0.0;0.0;90
WAE;20220307;2.2;4.9;0.0;0.0;96
WAE;20220308;2.2;6.0;0.0;0.0;93
WAE;20220309;6.5;11.3;0.0;0.0;96
WAE;20220310;7.3;12.7;0.0;0.0;98
WAE;20220311;10.6;13.6;0.0;0.0;66
WAE;20220312;9.8;13.0;0.0;0.0;61
WAE;20220313;12.8;16.7;0.0;0.0;94
WAE;20220314;11.0;14.0;0.0;0.0;87
WAE;20220315;9.5;10.2;0.0;0.0;0
WAE;20220316;11.7;14.6;0.0;0.0;7
WAE;20220317;10.9;14.8;0.5;0.0;8
WAE;20220318;9.7;10.5;0.0;0.0;0
WAE;20220319;8.1;12.0;0.0;0.0;51
WAE;20220320;11.1;15.4;0.0;0.0;91
WAE;20220321;10.5;15.2;0.0;0.0;78
WAE;20220322;11.7;15.8;0.0;0.0;97
WAE;20220323;13.0;17.5;0.0;0.0;97
WAE;20220324;13.3;18.0;0.0;0.0;97
WAE;20220325;14.4;18.1;0.0;0.0;95
WAE;20220326;13.7;18.6;0.0;0.0;94
WAE;20220327;15.3;19.0;0.0;0.0;96
WAE;20220328;13.8;19.0;0.0;0.0;91
WAE;20220329;15.8;17.8;0.0;0.0;13
WAE;20220330;9.6;11.6;1.1;0.0;2
WAE;20220331;6.2;9.7;9.9;4.9;1
WAE;20220401;0.7;2.3;5.5;14.2;0
WAE;20220402;0.0;0.9;0.1;2.8;0
WAE;20220403;1.5;2.6;0.0;0.0;4
WAE;20220404;6.0;7.1;0.0;0.0;77
WAE;20220405;7.8;8.3;0.0;0.0;0
WAE;20220406;11.9;16.8;0.8;0.1;40
WAE;20220407;13.4;14.5;3.1;1.4;14
WAE;20220408;14.5;15.6;4.6;0.7;4
WAE;20220409;4.0;7.4;1.5;2.8;30
WAE;20220410;7.2;10.4;0.0;0.0;65
WAE;20220411;12.2;16.0;0.0;0.0;84
WAE;20220412;17.2;19.5;0.0;0.0;70
WAE;20220413;18.3;22.3;0.0;0.0;89
WAE;20220414;19.5;22.4;0.0;0.0;85
WAE;20220415;17.0;19.8;0.0;0.0;53
WAE;20220416;10.4;14.9;0.0;0.0;35
WAE;20220417;11.3;15.4;0.0;0.0;97
WAE;20220418;14.8;16.6;0.0;0.0;99
WAE;20220419;14.8;18.0;0.0;0.0;88
WAE;20220420;12.4;16.1;0.0;0.0;89
WAE;20220421;13.6;17.5;0.0;0.0;95
WAE;20220422;14.8;17.0;0.0;0.0;80
WAE;20220423;12.2;14.3;0.4;0.0;11
WAE;20220424;8.9;12.1;26.3;6.3;0
WAE;20220425;10.4;13.2;0.5;1.4;3
WAE;20220426;11.6;12.9;0.0;9.6;26
WAE;20220427;13.3;16.3;0.0;0.0;85
WAE;20220428;15.8;18.6;0.0;0.0;99
WAE;20220429;15.9;19.2;1.3;0.0;69
WAE;20220430;9.5;15.6;0.1;4.6;15
WAE;20220501;13.9;16.0;0.0;0.0;59
WAE;20220502;15.3;18.8;0.0;0.0;84
WAE;20220503;14.5;18.6;0.0;0.0;12
WAE;20220504;13.6;19.1;0.0;0.0;50
WAE;20220505;10.7;13.7;8.2;10.9;0
WAE;20220506;12.9;13.6;1.2;2.1;0
WAE;20220507;13.8;17.4;0.1;0.9;10
WAE;20220508;16.2;19.7;0.0;0.0;20
WAE;20220509;18.8;20.8;0.0;0.0;56
WAE;20220510;21.4;24.0;0.0;0.0;76
WAE;20220511;23.8;26.8;0.0;0.0;94
WAE;20220512;21.4;26.4;0.3;0.0;58
WAE;20220513;17.9;20.1;0.0;0.0;7
WAE;20220514;21.8;23.8;0.0;0.0;80
WAE;20220515;24.0;26.2;1.2;0.0;91
WAE;20220516;21.6;24.6;0.0;0.0;44
WAE;20220517;21.8;25.1;0.0;0.0;96
WAE;20220518;24.3;27.4;0.0;0.0;96
WAE;20220519;22.9;27.9;0.0;0.1;55
WAE;20220520;26.5;30.6;3.3;0.0;86
WAE;20220521;21.6;23.5;0.0;0.0;45
WAE;20220522;22.3;23.7;0.1;0.0;24
WAE;20220523;17.2;26.0;16.1;11.1;29
WAE;20220524;14.6;15.3;1.2;5.0;0
WAE;20220525;19.2;20.3;0.0;0.0;44
WAE;20220526;19.4;21.4;0.0;0.0;53
WAE;20220527;19.1;22.0;0.2;0.0;82
WAE;20220528;16.2;19.0;0.0;1.3;47
WAE;20220529;12.9;16.1;0.0;0.0;28
WAE;20220530;17.5;18.8;0.0;0.0;89
WAE;20220531;14.2;20.5;0.0;3.5;13
WAE;20220601;15.4;19.2;2.1;1.8;14
WAE;20220602;21.5;22.6;0.0;0.0;43
WAE;20220603;18.7;24.6;0.8;5.5;46
WAE;20220604;24.9;27.5;0.0;0.0;75
WAE;20220605;16.5;23.6;0.2;16.5;27
WAE;20220606;19.9;23.5;19.9;0.0;32
WAE;20220607;17.9;18.2;6.2;11.3;16
WAE;20220608;16.0;20.8;4.8;1.0;46
WAE;20220609;14.0;17.9;0.4;1.9;19
WAE;20220610;20.8;22.5;0.0;0.0;98
WAE;20220611;23.5;25.4;0.0;0.0;98
WAE;20220612;26.8;28.9;2.7;0.0;90
WAE;20220613;21.8;24.2;0.0;2.5;37
WAE;20220614;23.6;25.9;0.0;0.0;92
WAE;20220615;28.0;29.8;0.7;0.0;71
WAE;20220616;28.1;29.5;0.0;0.0;55
WAE;20220617;25.8;28.8;0.0;0.0;86
WAE;20220618;28.9;32.2;0.0;0.0;93
WAE;20220619;32.7;34.3;0.0;0.0;84
WAE;20220620;26.6;31.5;0.0;0.0;78
WAE;20220621;26.2;29.1;2.1;0.0;58
WAE;20220622;18.9;23.9;5.5;32.8;20
WAE;20220623;25.3;28.7;0.1;0.0;72
WAE;20220624;16.1;21.0;0.0;13.8;10
WAE;20220625;24.1;25.5;1.6;0.0;92
WAE;20220626;27.0;28.6;0.0;0.0;86
WAE;20220627;16.8;22.0;2.8;2.1;21
WAE;20220628;19.9;19.9;0.0;0.0;5
WAE;20220629;24.3;26.4;0.0;0.0;70
WAE;20220630;24.1;26.8;38.3;0.0;51
WAE;20220701;17.9;18.3;0.0;2.0;6
WAE;20220702;24.5;25.6;0.0;0.0;98
WAE;20220703;27.8;29.2;2.8;0.0;93
WAE;20220704;19.5;24.9;11.9;3.3;27
WAE;20220705;24.2;25.5;0.0;0.0;65
WAE;20220706;22.3;25.2;0.0;0.0;87
WAE;20220707;20.4;22.9;0.0;0.0;37
WAE;20220708;21.9;23.4;0.0;0.0;85
WAE;20220709;23.4;24.8;0.0;0.0;91
WAE;20220710;22.4;24.6;0.0;0.0;54
WAE;20220711;22.4;25.2;0.0;0.0;97
WAE;20220712;23.9;27.3;0.0;0.0;94
WAE;20220713;27.0;29.6;0.0;0.0;84
WAE;20220714;29.9;33.0;0.0;0.0;84
WAE;20220715;26.3;27.3;0.0;0.0;65
WAE;20220716;24.7;27.3;0.0;0.0;97
WAE;20220717;26.4;28.9;0.0;0.0;98
WAE;20220718;28.7;31.8;0.0;0.0;98
WAE;20220719;30.5;33.2;0.0;0.0;96
WAE;20220720;21.0;33.3;1.0;11.6;53
WAE;20220721;25.3;27.1;0.0;0.0;57
WAE;20220722;29.3;30.9;7.9;0.0;90
WAE;20220723;24.5;25.4;0.0;4.7;18
WAE;20220724;28.2;29.8;0.0;0.0;95
WAE;20220725;29.5;33.9;2.3;0.0;83
WAE;20220726;23.5;25.0;0.0;0.7;30
WAE;20220727;23.0;25.4;0.0;0.0;30
WAE;20220728;21.2;28.5;0.1;3.9;76
WAE;20220729;18.4;22.8;0.0;5.2;6
WAE;20220730;23.9;26.3;0.0;0.0;57
WAE;20220731;26.1;28.6;0.0;0.0;91
WAE;20220801;27.0;29.9;4.5;0.0;76
WAE;20220802;26.9;28.8;0.0;0.0;97
WAE;20220803;29.1;31.8;0.0;0.0;98
WAE;20220804;30.9;33.9;0.4;0.0;93
WAE;20220805;22.7;31.7;6.0;0.0;43
WAE;20220806;18.9;19.2;0.0;0.0;0
WAE;20220807;20.4;21.2;0.0;0.0;0
WAE;20220808;23.3;26.9;0.0;0.0;82
WAE;20220809;24.6;28.1;0.0;0.0;100
WAE;20220810;24.2;27.8;0.0;0.0;100
WAE;20220811;24.7;28.6;0.0;0.0;99
WAE;20220812;23.4;28.1;0.0;0.0;100
WAE;20220813;24.2;27.7;0.0;0.0;100
WAE;20220814;23.0;27.3;1.9;0.0;50
WAE;20220815;17.2;26.4;0.0;21.2;53
WAE;20220816;24.6;27.9;0.0;0.0;89
WAE;20220817;24.6;27.7;7.6;0.0;47
WAE;20220818;17.4;21.1;12.3;6.7;8
WAE;20220819;18.5;19.0;0.0;18.8;0
WAE;20220820;18.3;22.1;0.1;1.6;4
WAE;20220821;19.8;24.9;0.0;0.0;91
WAE;20220822;21.9;25.6;0.0;0.0;100
WAE;20220823;22.1;26.3;0.0;0.0;97
WAE;20220824;22.5;26.8;0.0;0.0;86
WAE;20220825;24.3;27.9;0.0;0.0;89
WAE;20220826;19.6;28.0;9.9;0.1;56
WAE;20220827;19.5;23.7;0.0;0.0;32
WAE;20220828;21.8;24.9;0.0;0.0;56
WAE;20220829;21.9;26.3;0.0;0.0;83
WAE;20220830;19.0;27.3;7.8;0.2;65
WAE;20220831;18.2;19.1;0.0;13.7;0
WAE;20220901;18.7;21.2;0.0;0.0;37
WAE;20220902;19.4;22.8;0.7;0.0;41
WAE;20220903;19.3;21.1;1.1;1.5;45
WAE;20220904;20.8;24.9;0.0;3.0;79
WAE;20220905;21.4;25.9;0.1;0.0;45
WAE;20220906;19.3;22.9;2.0;0.3;25
WAE;20220907;17.3;25.5;23.5;0.6;25
WAE;20220908;18.6;22.7;0.5;0.0;51
WAE;20220909;17.7;21.3;0.1;4.1;40
WAE;20220910;16.4;20.5;1.6;0.9;27
WAE;20220911;15.9;21.0;0.0;0.0;78
WAE;20220912;18.6;23.0;0.0;0.0;34
WAE;20220913;21.9;24.6;0.1;0.0;20
WAE;20220914;19.2;23.2;4.8;1.4;5
WAE;20220915;16.3;20.2;9.8;8.7;6
WAE;20220916;12.2;17.8;4.2;2.3;5
WAE;20220917;11.1;12.8;0.8;1.9;16
WAE;20220918;13.0;15.7;0.0;0.0;60
WAE;20220919;11.3;15.5;0.0;0.0;57
WAE;20220920;11.7;15.9;0.0;0.0;87
WAE;20220921;12.7;16.6;0.0;0.0;82
WAE;20220922;12.0;17.0;0.0;0.0;78
WAE;20220923;15.3;19.0;2.9;0.0;78
WAE;20220924;13.4;14.3;4.2;5.7;0
WAE;20220925;12.6;13.4;11.5;2.1;1
WAE;20220926;13.1;14.9;5.0;2.0;8
WAE;20220927;10.7;12.5;8.3;4.4;4
WAE;20220928;8.5;10.9;8.2;36.5;0
WAE;20220929;9.7;11.1;3.6;2.9;0
WAE;20220930;11.2;13.0;0.0;0.0;3
WAE;20221001;13.5;11.8;6.2;14.3;0
WAE;20221002;16.5;19.8;15.8;2.2;22
WAE;20221003;12.6;15.2;0.0;0.1;10
WAE;20221004;11.4;16.4;0.0;0.0;56
WAE;20221005;14.6;21.0;0.0;0.0;99
WAE;20221006;15.7;20.0;0.0;0.0;97
WAE;20221007;14.3;18.0;0.0;0.0;48
WAE;20221008;12.3;15.2;0.0;7.2;0
WAE;20221009;12.3;13.0;0.0;0.0;0
WAE;20221010;13.8;18.9;0.0;0.0;24
WAE;20221011;15.8;18.8;0.0;0.0;55
WAE;20221012;14.3;15.4;0.0;0.0;0
WAE;20221013;13.8;17.2;6.7;1.0;7
WAE;20221014;13.7;15.1;9.1;3.6;0
WAE;20221015;14.3;18.5;0.0;0.0;14
WAE;20221016;16.6;21.9;0.0;0.0;69
WAE;20221017;15.3;21.0;0.0;0.0;99
WAE;20221018;15.5;21.6;0.0;0.0;74
WAE;20221019;14.2;17.4;0.0;0.0;63
WAE;20221020;15.4;17.0;0.8;0.1;2
WAE;20221021;14.6;16.0;10.0;2.7;0
WAE;20221022;14.0;18.7;0.0;1.1;84
WAE;20221023;18.0;17.4;1.9;0.0;36
WAE;20221024;12.8;15.1;1.7;6.6;0
WAE;20221025;13.7;17.9;2.0;0.0;79
WAE;20221026;13.8;19.0;0.0;0.1;64
WAE;20221027;14.0;19.1;0.0;0.0;93
WAE;20221028;15.7;18.7;0.0;0.0;31
WAE;20221029;14.7;20.0;0.0;0.0;71
WAE;20221030;12.3;16.5;0.0;0.0;17
WAE;20221031;15.1;16.0;0.0;0.0;43
WAE;20221101;13.5;16.2;0.0;0.0;5
WAE;20221102;10.3;14.0;0.0;0.0;22
WAE;20221103;11.2;11.8;11.1;0.0;13
WAE;20221104;8.8;11.8;0.5;0.1;12
WAE;20221105;7.8;9.4;0.0;2.0;5
WAE;20221106;9.7;7.6;0.0;0.0;22
WAE;20221107;9.3;15.4;0.0;0.0;88
WAE;20221108;10.1;15.8;0.0;0.0;52
WAE;20221109;10.4;12.3;3.9;5.0;0
WAE;20221110;9.9;12.6;0.0;0.0;61
WAE;20221111;8.7;11.1;0.0;0.0;35
WAE;20221112;7.5;8.4;0.0;0.0;0
WAE;20221113;6.3;6.4;0.2;0.0;0
WAE;20221114;8.6;12.1;0.0;2.1;0
WAE;20221115;9.9;10.8;2.1;0.0;6
WAE;20221116;9.4;13.0;0.4;0.0;56
WAE;20221117;10.9;14.5;16.5;0.0;32
WAE;20221118;7.5;8.7;0.9;5.4;1
WAE;20221119;6.9;8.9;0.0;0.0;27
WAE;20221120;6.7;8.4;3.9;0.0;32
WAE;20221121;6.8;8.7;5.8;0.0;58
WAE;20221122;6.1;7.7;0.0;1.1;0
WAE;20221123;8.0;8.1;2.9;3.3;80
WAE;20221124;5.6;9.7;0.0;1.1;28
WAE;20221125;7.3;9.1;5.9;4.7;0
WAE;20221126;4.4;8.5;0.0;0.0;73
WAE;20221127;5.8;6.2;0.0;0.0;24
WAE;20221128;8.1;9.5;4.5;0.0;0
WAE;20221129;5.8;6.8;5.4;3.1;0
WAE;20221130;3.6;5.4;0.0;0.2;0
WAE;20221201;3.7;3.6;0.0;0.0;0
WAE;20221202;2.7;4.6;0.0;0.0;0
WAE;20221203;2.6;2.6;0.0;0.0;0
WAE;20221204;4.5;2.6;0.5;0.0;0
WAE;20221205;3.8;5.6;0.0;0.0;0
WAE;20221206;2.0;4.5;0.0;0.0;98
WAE;20221207;2.8;2.9;0.0;0.0;0
WAE;20221208;1.6;3.9;0.0;0.0;72
WAE;20221209;1.8;1.2;3.0;2.0;0
WAE;20221210;-0.3;1.0;1.6;4.6;0
WAE;20221211;-2.3;-1.6;0.0;0.0;20
WAE;20221212;-3.9;-3.4;0.0;0.0;11
WAE;20221213;-1.4;-3.9;0.0;0.9;0
WAE;20221214;3.5;3.0;0.1;0.8;14
WAE;20221215;2.2;3.2;2.9;0.1;0
WAE;20221216;-0.8;0.4;0.3;2.8;0
WAE;20221217;-0.5;-0.9;0.0;0.0;0
WAE;20221218;1.0;-1.6;0.0;0.0;0
WAE;20221219;4.3;3.8;0.0;0.0;17
WAE;20221220;7.3;7.9;0.4;0.0;13
WAE;20221221;7.4;8.3;0.1;1.5;0
WAE;20221222;10.4;13.1;2.6;0.1;29
WAE;20221223;13.9;14.0;16.6;12.1;0
WAE;20221224;7.5;8.6;1.2;8.6;0
WAE;20221225;6.9;8.2;0.0;0.0;40
WAE;20221226;10.6;10.4;4.6;13.4;6
WAE;20221227;4.0;6.9;0.0;2.3;3
WAE;20221228;6.6;8.2;0.0;0.0;75
WAE;20221229;9.4;10.4;13.8;0.1;5
WAE;20221230;10.9;8.4;0.1;0.8;35
WAE;20221231;11.2;14.1;0.0;0.0;45
WAE;20230101;11.3;14.6;0.0;0.0;92
WAE;20230102;11.3;14.7;0.6;0.0;9
WAE;20230103;6.2;7.5;0.0;3.5;0
WAE;20230104;11.3;9.5;3.7;0.0;0
WAE;20230105;9.4;11.7;0.0;0.1;1
WAE;20230106;7.5;8.7;0.0;0.0;0
WAE;20230107;6.2;6.9;0.0;0.0;56
WAE;20230108;6.4;7.3;15.3;0.1;0
WAE;20230109;4.1;7.9;7.6;4.2;15
WAE;20230110;4.1;6.5;0.0;0.0;47
WAE;20230111;7.4;7.5;0.4;6.1;0
WAE;20230112;7.0;8.1;0.0;0.0;1
WAE;20230113;7.1;8.7;0.9;2.0;13
WAE;20230114;9.5;8.9;1.6;0.0;10
WAE;20230115;2.2;8.5;0.0;9.5;0
WAE;20230116;5.4;6.6;1.6;0.0;4
WAE;20230117;1.8;2.5;0.0;0.3;0
WAE;20230118;-0.9;1.1;1.3;6.0;0
WAE;20230119;-3.7;0.1;0.0;0.0;81
WAE;20230120;-3.3;-1.0;0.0;0.0;35
WAE;20230121;-1.7;-0.9;0.0;0.0;0
WAE;20230122;-0.7;-0.1;0.0;0.0;1
WAE;20230123;-0.2;-0.2;0.0;0.0;0
WAE;20230124;0.0;1.7;0.0;0.0;60
WAE;20230125;0.7;1.0;0.0;0.0;0
WAE;20230126;-0.3;0.2;0.0;0.0;0
WAE;20230127;-0.2;0.2;0.0;0.0;0
WAE;20230128;0.4;0.6;0.0;0.0;0
WAE;20230129;-0.1;0.6;0.0;0.0;6
WAE;20230130;2.4;4.4;0.0;0.0;49
WAE;20230131;3.9;5.5;0.0;0.0;33
WAE;20230201;4.9;7.1;0.2;0.0;14
WAE;20230202;5.9;6.9;0.0;0.0;0
WAE;20230203;6.0;8.0;1.4;0.0;36
WAE;20230204;4.0;5.8;0.0;0.8;0
WAE;20230205;2.1;4.2;1.0;5.0;0
WAE;20230206;0.6;4.3;0.0;0.0;19
WAE;20230207;-0.6;2.5;0.0;0.0;100
WAE;20230208;-2.0;-1.0;0.0;0.0;0
WAE;20230209;0.5;4.3;0.0;0.0;100
WAE;20230210;1.0;5.0;0.0;0.0;100
WAE;20230211;2.4;5.8;0.0;0.0;79
WAE;20230212;4.1;8.5;0.0;0.0;100
WAE;20230213;2.6;4.9;0.0;0.0;36
WAE;20230214;1.4;2.7;0.0;0.0;23
WAE;20230215;4.2;6.0;0.0;0.0;39
WAE;20230216;8.8;12.0;0.0;0.0;82
WAE;20230217;11.5;11.1;0.0;0.1;0
WAE;20230218;10.7;15.2;0.0;0.0;74
WAE;20230219;8.6;11.3;0.0;0.0;2
WAE;20230220;8.7;12.9;0.0;0.0;99
WAE;20230221;9.0;13.5;0.0;0.0;95
WAE;20230222;10.8;12.9;1.1;0.0;67
WAE;20230223;8.6;13.5;0.0;0.0;61
WAE;20230224;10.1;14.1;20.7;0.0;77
WAE;20230225;3.0;4.2;0.1;1.0;0
WAE;20230226;0.1;0.1;0.0;0.0;1
WAE;20230227;-0.3;0.9;0.0;0.0;1
WAE;20230228;0.2;1.1;0.0;0.0;0
WAE;20230301;1.5;2.3;0.0;0.0;0
WAE;20230302;1.9;4.2;0.0;0.0;0
WAE;20230303;4.0;5.1;0.0;0.0;20
WAE;20230304;5.0;9.1;0.0;0.0;66
WAE;20230305;2.9;6.6;0.0;0.0;23
WAE;20230306;4.0;4.4;0.0;0.0;0
WAE;20230307;4.4;8.3;0.0;0.0;40
WAE;20230308;13.1;9.0;7.1;1.8;0
WAE;20230309;12.0;15.9;1.0;4.1;71
WAE;20230310;8.9;9.6;11.8;4.9;2
WAE;20230311;2.2;2.7;3.1;6.8;0
WAE;20230312;7.1;11.5;0.0;5.2;17
WAE;20230313;16.5;17.5;20.5;0.0;72
WAE;20230314;6.2;9.5;3.7;5.0;2
WAE;20230315;5.4;8.8;0.0;0.0;69
WAE;20230316;8.8;12.1;0.0;0.0;90
WAE;20230317;11.8;16.0;0.0;0.0;72
WAE;20230318;13.3;17.0;0.0;0.0;67
WAE;20230319;7.8;14.7;1.0;3.6;20
WAE;20230320;9.5;12.6;0.0;0.0;21
WAE;20230321;11.6;14.7;0.0;0.0;43
WAE;20230322;13.0;18.1;0.0;0.0;95
WAE;20230323;14.5;17.2;0.7;0.0;0
WAE;20230324;10.3;12.7;11.0;11.9;0
WAE;20230325;9.6;10.9;0.0;1.9;16
WAE;20230326;6.5;12.3;5.5;7.4;9
WAE;20230327;4.4;6.9;0.2;0.0;10
WAE;20230328;7.5;9.4;0.0;0.0;75
WAE;20230329;12.6;12.9;0.2;0.1;6
WAE;20230330;13.5;15.3;0.0;3.5;12
WAE;20230331;11.1;16.5;3.9;2.8;12
WAE;20230401;8.5;12.0;0.4;1.5;2
WAE;20230402;7.4;13.5;5.5;2.3;42
WAE;20230403;4.6;5.8;0.0;0.0;0
WAE;20230404;4.3;8.5;0.0;0.0;82
WAE;20230405;5.6;9.3;0.0;0.0;96
WAE;20230406;10.0;12.1;0.0;0.0;74
WAE;20230407;6.8;8.4;0.2;0.1;4
WAE;20230408;7.3;10.7;0.8;0.9;10
WAE;20230409;9.6;12.9;0.0;0.0;74
WAE;20230410;13.3;16.0;1.6;0.0;56
WAE;20230411;9.0;10.8;3.2;9.0;0
WAE;20230412;9.3;15.3;9.3;5.3;9
WAE;20230413;4.4;10.0;0.8;4.4;10
WAE;20230414;9.1;12.0;0.0;0.0;67
WAE;20230415;7.2;8.8;13.8;0.3;0
WAE;20230416;7.2;7.8;7.9;6.9;0
WAE;20230417;10.6;13.2;0.5;0.1;21
WAE;20230418;12.2;16.3;0.0;0.0;63
WAE;20230419;10.9;12.3;2.3;0.0;0
WAE;20230420;5.4;6.1;0.0;7.3;0
WAE;20230421;11.3;13.0;0.0;0.0;19
WAE;20230422;14.8;18.8;1.9;0.0;47
WAE;20230423;12.3;17.3;7.8;5.7;26
WAE;20230424;10.9;13.7;0.0;1.7;21
WAE;20230425;6.9;11.2;0.0;12.3;14
WAE;20230426;11.9;13.5;0.4;0.0;29
WAE;20230427;15.4;18.3;4.4;0.0;46
WAE;20230428;13.6;12.8;11.5;18.2;0
WAE;20230429;16.7;19.9;0.5;0.0;45
WAE;20230430;14.8;15.9;6.0;0.0;0
WAE;20230501;11.1;13.4;1.8;1.4;0
WAE;20230502;12.7;15.3;2.9;0.0;22
WAE;20230503;15.5;18.8;0.0;0.0;88
WAE;20230504;20.6;22.4;0.0;0.0;90
WAE;20230505;15.6;23.3;3.5;4.5;59
WAE;20230506;18.2;21.7;0.6;0.2;55
WAE;20230507;13.1;21.3;7.1;8.8;27
WAE;20230508;15.0;17.8;0.0;1.9;6
WAE;20230509;14.1;20.1;22.9;5.3;24
WAE;20230510;11.0;12.0;9.2;11.4;0
WAE;20230511;10.9;13.4;5.1;0.9;0
WAE;20230512;14.8;17.3;0.5;0.0;39
WAE;20230513;12.6;15.5;0.0;2.4;6
WAE;20230514;11.0;14.2;7.1;10.7;2
WAE;20230515;12.0;16.6;0.0;5.9;24
WAE;20230516;9.9;12.6;3.9;4.2;0
WAE;20230517;11.3;11.5;0.0;0.0;0
WAE;20230518;12.5;13.2;0.0;0.0;8
WAE;20230519;12.8;13.6;0.0;0.0;0
WAE;20230520;14.8;17.3;0.0;0.6;12
WAE;20230521;21.2;23.7;0.0;0.0;44
WAE;20230522;21.1;25.8;0.0;0.0;71
WAE;20230523;17.8;21.5;1.0;0.0;23
WAE;20230524;12.9;13.5;1.9;0.0;0
WAE;20230525;17.6;19.2;0.0;0.0;13
WAE;20230526;21.0;24.3;0.0;0.0;86
WAE;20230527;20.9;24.1;0.0;0.0;94
WAE;20230528;21.2;24.5;0.0;0.0;93
WAE;20230529;21.5;24.7;0.0;0.0;93
WAE;20230530;21.7;25.0;0.0;0.0;81
WAE;20230531;21.7;25.2;0.0;0.0;91
WAE;20230601;23.3;25.4;0.0;0.0;87
WAE;20230602;22.9;26.3;0.0;0.0;96
WAE;20230603;20.9;26.0;0.0;0.0;88
WAE;20230604;21.7;25.2;0.0;0.0;74
WAE;20230605;22.1;24.8;0.0;0.0;87
WAE;20230606;22.2;25.0;0.0;0.0;95
WAE;20230607;23.7;26.4;0.0;0.0;89
WAE;20230608;18.8;26.7;0.3;1.1;68
WAE;20230609;23.9;27.6;0.0;0.0;82
WAE;20230610;24.5;26.9;0.0;0.0;91
WAE;20230611;24.2;26.9;0.0;0.0;92
WAE;20230612;24.3;26.8;0.0;0.0;97
WAE;20230613;22.6;25.4;0.0;0.0;97
WAE;20230614;22.8;26.2;0.0;0.0;95
WAE;20230615;23.0;25.5;3.2;0.0;66
WAE;20230616;23.1;25.9;0.0;0.0;68
WAE;20230617;24.1;27.1;0.0;0.0;81
WAE;20230618;25.8;29.8;1.8;0.0;73
WAE;20230619;21.7;29.6;1.7;5.2;57
WAE;20230620;27.5;30.3;0.0;0.0;60
WAE;20230621;25.0;26.8;0.0;0.0;35
WAE;20230622;20.1;28.3;10.5;2.9;26
WAE;20230623;22.4;24.1;0.0;0.0;32
WAE;20230624;23.5;26.3;0.0;0.0;97
WAE;20230625;27.5;28.9;0.0;0.0;98
WAE;20230626;25.4;29.8;0.0;0.0;73
WAE;20230627;22.7;24.6;0.0;0.0;51
WAE;20230628;23.7;25.1;0.0;0.0;54
WAE;20230629;20.7;27.4;0.3;0.5;55
WAE;20230630;17.0;21.3;0.4;3.9;1
WAE;20230701;19.0;23.1;5.8;0.0;30
WAE;20230702;20.6;22.9;0.0;1.0;13
WAE;20230703;22.3;24.1;0.0;0.1;29
WAE;20230704;23.1;25.6;3.7;0.0;48
WAE;20230705;19.3;20.7;0.5;3.0;9
WAE;20230706;23.4;24.7;0.0;0.0;60
WAE;20230707;27.6;30.0;0.0;0.0;88
WAE;20230708;27.2;29.4;0.0;0.0;36
WAE;20230709;31.4;34.0;1.3;0.0;81
WAE;20230710;28.5;30.5;0.0;1.6;63
WAE;20230711;31.8;34.8;24.2;0.0;85
WAE;20230712;19.8;23.7;7.6;33.2;17
WAE;20230713;22.0;23.6;0.0;1.8;19
WAE;20230714;26.2;27.8;0.0;0.0;97
WAE;20230715;28.6;33.2;10.9;0.0;82
WAE;20230716;23.1;23.7;5.6;0.0;23
WAE;20230717;24.3;26.4;0.0;0.0;48
WAE;20230718;24.9;27.3;0.0;0.5;62
WAE;20230719;25.3;27.7;0.0;0.0;20
WAE;20230720;24.2;25.7;1.1;0.0;68
WAE;20230721;17.4;23.1;1.2;9.7;8
WAE;20230722;23.6;25.4;0.0;0.0;65
WAE;20230723;25.8;29.2;2.2;0.0;73
WAE;20230724;19.0;23.3;38.3;4.8;13
WAE;20230725;13.9;21.8;10.0;3.7;28
WAE;20230726;17.2;18.3;0.0;2.3;16
WAE;20230727;20.9;22.4;0.7;0.0;30
WAE;20230728;19.6;27.7;3.0;1.7;39
WAE;20230729;19.0;25.9;1.0;9.0;25
WAE;20230730;21.0;23.8;0.0;0.0;38
WAE;20230731;22.8;24.2;0.6;0.0;50
WAE;20230801;17.6;18.9;0.4;15.3;2
WAE;20230802;25.9;27.3;6.6;1.6;46
WAE;20230803;21.6;23.5;0.0;0.0;56
WAE;20230804;15.3;20.3;20.4;0.5;20
WAE;20230805;17.7;20.4;5.4;0.1;19
WAE;20230806;14.1;16.2;1.1;10.5;9
WAE;20230807;14.9;17.9;0.0;1.6;24
WAE;20230808;18.2;21.1;0.0;0.0;38
WAE;20230809;20.1;22.1;0.0;0.1;0
WAE;20230810;23.2;26.4;0.0;0.0;88
WAE;20230811;26.6;29.1;0.0;0.0;99
WAE;20230812;25.5;29.0;0.0;0.2;37
WAE;20230813;22.9;29.6;0.0;0.0;69
WAE;20230814;27.0;29.7;0.0;0.0;79
WAE;20230815;26.6;29.4;0.0;0.0;55
WAE;20230816;24.4;30.9;0.0;0.0;92
WAE;20230817;20.6;27.5;0.0;0.1;28
WAE;20230818;25.7;31.0;0.0;0.0;96
WAE;20230819;27.5;32.7;0.0;0.0;95
WAE;20230820;28.0;32.1;0.0;0.0;95
WAE;20230821;28.8;32.6;0.0;0.0;93
WAE;20230822;28.9;33.1;0.0;0.0;94
WAE;20230823;28.0;32.9;0.0;0.0;93
WAE;20230824;31.1;34.0;4.8;0.0;71
WAE;20230825;24.5;28.9;0.9;0.1;25
WAE;20230826;17.9;20.8;5.6;14.0;9
WAE;20230827;14.6;17.1;36.9;5.2;0
WAE;20230828;12.3;13.7;16.5;23.3;0
WAE;20230829;12.4;13.1;0.3;6.7;0
WAE;20230830;15.7;19.8;0.5;0.0;42
WAE;20230831;16.6;18.2;0.0;0.9;2
WAE;20230901;20.9;24.9;0.0;0.0;84
WAE;20230902;22.1;26.6;0.0;0.0;98
WAE;20230903;21.4;25.9;0.0;0.0;66
WAE;20230904;23.3;27.2;0.0;0.0;97
WAE;20230905;21.8;25.8;0.0;0.0;97
WAE;20230906;22.4;26.7;0.0;0.0;98
WAE;20230907;23.3;27.5;0.0;0.0;97
WAE;20230908;23.9;28.4;0.0;0.0;96
WAE;20230909;24.3;28.6;0.0;0.0;95
WAE;20230910;23.9;28.9;0.0;0.0;96
WAE;20230911;23.6;29.1;0.0;0.0;97
WAE;20230912;22.1;27.2;0.4;0.0;59
WAE;20230913;16.5;20.6;7.1;1.5;1
WAE;20230914;19.7;21.3;0.0;0.1;17
WAE;20230915;20.0;23.1;0.0;0.0;61
WAE;20230916;21.6;25.8;0.0;0.0;63
WAE;20230917;22.5;27.4;0.0;0.0;73
WAE;20230918;17.7;20.2;1.3;4.9;1
WAE;20230919;17.4;21.6;0.0;0.4;47
WAE;20230920;18.7;22.9;0.0;0.0;88
WAE;20230921;20.3;22.9;15.7;0.0;31
WAE;20230922;13.9;16.0;6.9;0.5;21
WAE;20230923;12.7;16.0;0.0;0.0;19
WAE;20230924;13.8;18.7;0.0;0.0;91
WAE;20230925;14.1;19.2;0.0;0.0;93
WAE;20230926;16.0;21.0;0.0;0.0;99
WAE;20230927;17.7;21.8;0.0;0.0;98
WAE;20230928;17.1;23.5;0.0;0.0;85
WAE;20230929;20.6;25.7;0.0;0.0;77
WAE;20230930;16.9;21.0;0.0;0.0;36
WAE;20231001;17.5;21.5;0.0;0.0;74
WAE;20231002;18.6;24.0;0.0;0.0;95
WAE;20231003;19.2;25.8;0.3;0.0;62
WAE;20231004;15.5;18.7;0.0;0.0;54
WAE;20231005;14.7;18.6;0.0;0.0;32
WAE;20231006;14.6;18.9;0.0;0.0;76
WAE;20231007;14.8;20.7;0.0;0.0;80
WAE;20231008;17.1;23.5;0.0;0.0;88
WAE;20231009;18.1;22.6;0.0;0.0;36
WAE;20231010;16.4;22.5;0.0;0.0;66
WAE;20231011;18.3;23.7;0.0;0.0;97
WAE;20231012;17.6;22.8;0.0;0.0;65
WAE;20231013;18.7;23.8;0.0;0.0;97
WAE;20231014;11.8;18.9;1.2;10.2;10
WAE;20231015;9.2;12.0;0.0;2.4;3
WAE;20231016;7.7;12.3;0.0;0.0;68
WAE;20231017;8.6;11.1;0.0;0.0;30
WAE;20231018;11.2;11.4;0.0;0.2;2
WAE;20231019;16.0;18.6;0.0;0.0;39
WAE;20231020;12.1;16.1;0.5;8.9;0
WAE;20231021;12.8;14.1;0.0;6.6;0
WAE;20231022;11.1;15.1;0.0;0.0;70
WAE;20231023;13.2;14.5;0.0;0.0;27
WAE;20231024;11.0;12.1;2.0;5.9;0
WAE;20231025;13.0;14.0;5.4;0.4;34
WAE;20231026;11.2;16.2;13.0;3.2;3
WAE;20231027;10.7;15.3;2.8;0.0;74
WAE;20231028;11.1;14.7;0.0;0.0;83
WAE;20231029;12.5;16.1;0.0;0.0;43
WAE;20231030;11.8;12.3;12.2;1.7;5
WAE;20231031;10.7;11.8;0.0;1.3;0
WAE;20231101;10.1;11.6;0.0;0.0;36
WAE;20231102;8.4;9.3;3.4;8.9;0
WAE;20231103;5.9;8.8;0.0;0.6;8
WAE;20231104;11.6;8.3;6.4;9.9;24
WAE;20231105;11.0;13.6;0.0;0.1;3
WAE;20231106;8.5;13.2;3.6;2.2;63
WAE;20231107;6.9;11.4;0.0;3.6;16
WAE;20231108;5.3;10.2;0.0;0.0;96
WAE;20231109;7.3;9.4;2.8;0.1;7
WAE;20231110;7.8;10.1;0.9;2.8;20
WAE;20231111;5.3;7.0;0.2;5.0;6
WAE;20231112;11.2;10.5;6.7;17.1;0
WAE;20231113;16.0;12.6;18.6;5.7;1
WAE;20231114;12.9;11.7;19.7;42.3;0
WAE;20231115;8.1;11.2;0.0;1.6;39
WAE;20231116;13.9;7.8;3.6;0.4;11
WAE;20231117;5.9;6.8;0.8;2.7;0
WAE;20231118;9.9;6.8;10.7;0.2;13
WAE;20231119;12.3;12.9;0.0;5.0;3
WAE;20231120;10.5;12.1;4.2;0.0;18
WAE;20231121;6.8;8.3;3.8;4.2;0
WAE;20231122;3.6;6.2;0.0;0.0;0
WAE;20231123;6.7;5.0;0.0;0.0;21
WAE;20231124;3.6;9.8;1.2;4.8;11
WAE;20231125;2.6;3.2;0.8;0.6;7
WAE;20231126;2.0;5.5;0.0;0.0;19
WAE;20231127;4.9;5.0;16.8;0.6;0
WAE;20231128;1.4;5.0;0.0;8.8;0
WAE;20231129;1.4;3.5;0.3;0.0;79
WAE;20231130;4.8;2.2;10.3;20.5;0
WAE;20231201;0.6;4.9;17.2;15.9;0
WAE;20231202;-1.7;0.1;0.1;6.8;0
WAE;20231203;-2.7;-1.6;0.0;0.0;91
WAE;20231204;2.6;-0.4;0.1;0.0;3
WAE;20231205;4.5;5.3;1.0;1.1;40
WAE;20231206;2.8;4.6;0.1;0.8;0
WAE;20231207;2.0;2.7;0.0;0.0;93
WAE;20231208;4.3;4.0;0.6;3.5;0
WAE;20231209;7.9;4.4;23.5;5.5;0
WAE;20231210;8.7;9.4;0.7;0.6;0
WAE;20231211;7.3;10.1;9.3;23.0;0
WAE;20231212;10.6;10.8;11.2;13.9;0
WAE;20231213;6.2;7.8;7.4;5.9;1
WAE;20231214;6.1;6.4;2.8;1.7;0
WAE;20231215;3.9;6.0;0.0;0.0;27
WAE;20231216;1.7;2.7;0.0;0.0;18
WAE;20231217;1.7;1.9;0.0;0.0;0
WAE;20231218;0.7;1.7;0.0;0.0;0
WAE;20231219;5.4;5.5;4.8;0.0;56
WAE;20231220;4.9;6.1;0.1;1.5;0
WAE;20231221;9.7;9.8;6.5;0.7;0
WAE;20231222;8.4;8.0;0.6;8.8;0
WAE;20231223;7.4;9.7;0.0;0.0;3
WAE;20231224;10.8;8.2;0.3;6.7;33
WAE;20231225;6.2;10.3;0.0;0.0;90
WAE;20231226;3.7;7.3;0.0;0.0;46
WAE;20231227;5.9;6.7;0.0;0.0;80
WAE;20231228;7.4;8.4;0.1;0.0;0
WAE;20231229;10.4;10.8;0.3;0.1;1
WAE;20231230;5.6;10.3;0.0;0.0;89
WAE;20231231;3.9;8.5;0.6;8.1;13

